Date,OPEN,HIGH,LOW,CLOSE,VOLUME
2006-09-05,7.2,7.2,7.1,7.1,2500.0
2006-09-06,7.05,7.05,7.0,7.0,5300.0
2006-09-07,7.0,7.0,7.0,7.0,1900.0
2006-09-08,7.0,7.0,7.0,7.0,6000.0
2006-09-14,7.1,7.11,7.06,7.11,6500.0
2006-09-15,7.12,7.12,7.12,7.12,900.0
2006-09-18,7.1,7.1,7.1,7.1,5500.0
2006-09-19,7.12,7.12,7.12,7.12,900.0
2006-09-20,7.11,7.11,7.11,7.11,200.0
2006-09-22,7.1,7.1,7.1,7.1,20400.0
2006-09-25,7.1,7.1,7.1,7.1,102300.0
2006-09-26,7.1,7.1,7.05,7.05,12800.0
2006-09-27,7.02,7.04,7.02,7.04,8400.0
2006-09-28,7.03,7.03,7.03,7.03,100.0
2006-10-02,7.02,7.02,7.02,7.02,200.0
2006-10-04,7.02,7.02,7.02,7.02,5000.0
2006-10-05,7.02,7.02,7.02,7.02,23500.0
2006-10-06,7.02,7.02,7.02,7.02,200.0
2006-10-10,7.02,7.02,7.02,7.02,300.0
2006-10-11,7.02,7.02,7.02,7.02,200.0
2006-10-12,7.0,7.07,7.0,7.07,1500.0
2006-10-18,7.02,7.02,7.02,7.02,40000.0
2006-10-20,7.05,7.05,7.05,7.05,1900.0
2006-10-23,7.03,7.03,7.02,7.02,6600.0
2006-10-26,7.02,7.02,7.02,7.02,55000.0
2006-10-27,7.02,7.02,7.02,7.02,200.0
2006-11-01,7.03,7.03,7.03,7.03,300.0
2006-11-02,7.05,7.05,7.05,7.05,5000.0
2006-11-03,7.03,7.03,7.03,7.03,300.0
2006-11-06,7.02,7.03,7.02,7.03,1400.0
2006-11-09,7.02,7.03,7.02,7.03,700.0
2006-11-10,7.02,7.09,7.02,7.09,600.0
2006-11-13,7.05,7.05,7.05,7.05,300.0
2006-11-15,7.05,7.06,7.05,7.06,8700.0
2006-11-20,7.05,7.09,7.04,7.09,1900.0
2006-11-21,7.09,7.09,7.09,7.09,300.0
2006-11-22,7.09,7.09,7.07,7.07,4900.0
2006-11-24,7.07,7.07,7.07,7.07,800.0
2006-11-28,7.06,7.06,7.06,7.06,100.0
2006-11-29,7.1,7.1,7.1,7.1,6000.0
2006-11-30,7.1,7.13,7.1,7.13,9900.0
2006-12-01,7.1,7.1,7.1,7.1,400.0
2006-12-04,7.08,7.08,7.05,7.08,5600.0
2006-12-05,7.1,7.1,7.1,7.1,5200.0
2006-12-06,7.1,7.1,7.1,7.1,5800.0
2006-12-07,7.1,7.1,7.1,7.1,5000.0
2006-12-08,7.1,7.1,7.1,7.1,10000.0
2006-12-11,7.1,7.1,7.06,7.1,9900.0
2006-12-12,7.1,7.1,7.07,7.1,11500.0
2006-12-13,7.1,7.1,7.08,7.1,15300.0
2006-12-18,7.1,7.12,7.1,7.12,7100.0
2006-12-19,7.12,7.12,7.11,7.12,4300.0
2006-12-20,7.12,7.12,7.12,7.12,1000.0
2006-12-21,7.12,7.12,7.12,7.12,900.0
2006-12-26,7.18,7.23,7.18,7.23,5600.0
2006-12-27,7.2,7.2,7.2,7.2,200.0
2006-12-28,7.2,7.2,7.15,7.15,3500.0
2007-01-04,7.1,7.1,7.1,7.1,800.0
2007-01-05,7.15,7.15,7.15,7.15,800.0
2007-01-08,7.15,7.15,7.14,7.15,2100.0
2007-01-09,7.15,7.15,7.15,7.15,400.0
2007-01-10,7.19,7.19,7.19,7.19,200.0
2007-01-12,7.15,7.15,7.15,7.15,2100.0
2007-01-17,7.15,7.15,7.15,7.15,2900.0
2007-01-18,7.15,7.15,7.15,7.15,1100.0
2007-01-19,7.15,7.15,7.15,7.15,500.0
2007-01-22,7.15,7.15,7.15,7.15,4000.0
2007-01-23,7.15,7.15,7.15,7.15,2000.0
2007-01-26,7.15,7.15,7.15,7.15,11900.0
2007-01-29,7.15,7.15,7.15,7.15,5800.0
2007-02-01,7.15,7.16,7.15,7.16,2400.0
2007-02-02,7.15,7.15,7.15,7.15,6000.0
2007-02-05,7.2,7.2,7.2,7.2,200.0
2007-02-06,7.15,7.15,7.15,7.15,300.0
2007-02-08,7.2,7.2,7.2,7.2,400.0
2007-02-12,7.15,7.15,7.15,7.15,500.0
2007-02-13,7.11,7.11,7.11,7.11,3900.0
2007-02-14,7.2,7.24,7.2,7.23,36900.0
2007-02-15,7.22,7.25,7.22,7.23,67100.0
2007-02-16,7.25,7.25,7.25,7.25,7000.0
2007-02-20,7.23,7.23,7.23,7.23,7500.0
2007-02-27,7.17,7.2,7.15,7.2,2600.0
2007-02-28,7.17,7.17,7.17,7.17,9000.0
2007-03-01,7.17,7.18,7.17,7.17,11200.0
2007-03-07,7.25,7.25,7.25,7.25,7000.0
2007-03-08,7.26,7.26,7.26,7.26,117900.0
2007-03-09,7.26,7.26,7.26,7.26,5000.0
2007-03-14,7.26,7.26,7.26,7.26,1600.0
2007-03-15,7.26,7.35,7.25,7.25,40300.0
2007-03-19,7.26,7.5,7.26,7.5,85200.0
2007-03-20,7.46,7.46,7.46,7.46,200.0
2007-03-22,7.4,7.4,7.4,7.4,1900.0
2007-03-23,7.38,7.38,7.38,7.38,100.0
2007-03-27,7.28,7.28,7.26,7.26,15300.0
2007-03-29,7.27,7.27,7.26,7.26,26500.0
2007-03-30,7.26,7.26,7.26,7.26,500.0
2007-04-02,7.26,7.26,7.26,7.26,10000.0
2007-04-03,7.26,7.31,7.26,7.26,6500.0
2007-04-04,7.26,7.26,7.26,7.26,300.0
2007-04-05,7.26,7.26,7.26,7.26,2000.0
2007-04-09,7.26,7.26,7.26,7.26,3800.0
2007-04-10,7.32,7.32,7.32,7.32,6400.0
2007-04-12,7.34,7.34,7.34,7.34,2800.0
2007-04-16,7.34,7.36,7.34,7.34,1500.0
2007-04-17,7.37,7.37,7.32,7.32,8000.0
2007-04-18,7.35,7.35,7.32,7.32,2100.0
2007-04-19,7.37,7.37,7.25,7.25,30900.0
2007-04-23,7.23,7.23,7.23,7.23,2000.0
2007-04-24,7.24,7.24,7.24,7.24,900.0
2007-04-26,7.28,7.28,7.28,7.28,5000.0
2007-04-30,7.3,7.3,7.29,7.3,1700.0
2007-05-01,7.3,7.37,7.3,7.37,4400.0
2007-05-02,7.32,7.32,7.32,7.32,100.0
2007-05-07,7.25,7.35,7.25,7.28,1500.0
2007-05-08,7.3,7.3,7.3,7.3,3100.0
2007-05-09,7.35,7.35,7.3,7.3,1700.0
2007-05-10,7.38,7.38,7.38,7.38,500.0
2007-05-11,7.3,7.3,7.3,7.3,1500.0
2007-05-14,7.32,7.34,7.32,7.34,6200.0
2007-05-15,7.36,7.36,7.36,7.36,500.0
2007-05-17,7.37,7.37,7.37,7.37,500.0
2007-05-18,7.37,7.38,7.35,7.38,1700.0
2007-05-21,7.37,7.38,7.36,7.36,3800.0
2007-05-22,7.36,7.36,7.36,7.36,100.0
2007-05-23,7.38,7.38,7.38,7.38,500.0
2007-05-24,7.38,7.38,7.38,7.38,1000.0
2007-05-25,7.38,7.38,7.35,7.38,140800.0
2007-05-29,7.39,7.4,7.39,7.4,13500.0
2007-05-31,7.4,7.41,7.4,7.41,17200.0
2007-06-01,7.41,7.41,7.39,7.39,11900.0
2007-06-04,7.4,7.4,7.37,7.37,59800.0
2007-06-05,7.37,7.39,7.37,7.39,14700.0
2007-06-06,7.4,7.4,7.4,7.4,300.0
2007-06-07,7.36,7.36,7.36,7.36,3000.0
2007-06-08,7.39,7.39,7.39,7.39,700.0
2007-06-12,7.35,7.35,7.35,7.35,6000.0
2007-06-13,7.4,7.4,7.37,7.37,8200.0
2007-06-14,7.39,7.39,7.39,7.39,500.0
2007-06-19,7.35,7.37,7.35,7.37,43900.0
2007-06-25,7.36,7.44,7.36,7.44,5500.0
2007-06-26,7.44,7.44,7.44,7.44,600.0
2007-06-27,7.42,7.42,7.42,7.42,13000.0
2007-06-28,7.39,7.39,7.39,7.39,2200.0
2007-06-29,7.4,7.4,7.4,7.4,1700.0
2007-07-02,7.37,7.4,7.37,7.4,300.0
2007-07-05,7.4,7.4,7.4,7.4,2000.0
2007-07-06,7.4,7.42,7.4,7.42,11000.0
2007-07-09,7.42,7.42,7.42,7.42,14500.0
2007-07-10,7.42,7.43,7.42,7.42,27900.0
2007-07-11,7.43,7.43,7.38,7.38,2100.0
2007-07-12,7.4,7.4,7.39,7.39,400.0
2007-07-13,7.4,7.4,7.4,7.4,10000.0
2007-07-16,7.38,7.4,7.38,7.38,100100.0
2007-07-17,7.4,7.42,7.4,7.42,10200.0
2007-07-18,7.42,7.42,7.42,7.42,24000.0
2007-07-20,7.42,7.43,7.42,7.43,1500.0
2007-07-23,7.42,7.42,7.42,7.42,5000.0
2007-07-24,7.41,7.43,7.4,7.42,13200.0
2007-07-25,7.43,7.43,7.43,7.43,2100.0
2007-07-26,7.43,7.43,7.43,7.43,2600.0
2007-07-27,7.43,7.43,7.43,7.43,8400.0
2007-07-30,7.44,7.44,7.43,7.44,25700.0
2007-07-31,7.46,7.46,7.43,7.44,8200.0
2007-08-03,7.43,7.43,7.43,7.43,22300.0
2007-08-06,7.43,7.44,7.43,7.44,10000.0
2007-08-07,7.43,7.43,7.43,7.43,10000.0
2007-08-08,7.43,7.43,7.43,7.43,13300.0
2007-08-09,7.43,7.43,7.43,7.43,26200.0
2007-08-10,7.43,7.43,7.43,7.43,5800.0
2007-08-13,7.43,7.43,7.4,7.4,4500.0
2007-08-14,7.43,7.43,7.43,7.43,4400.0
2007-08-22,7.37,7.44,7.37,7.44,5400.0
2007-08-30,7.43,7.43,7.38,7.42,2900.0
2007-08-31,7.4,7.4,7.4,7.4,500.0
2007-09-06,7.38,7.38,7.31,7.32,44600.0
2007-09-07,7.38,7.44,7.35,7.44,28400.0
2007-09-10,7.4,7.43,7.34,7.43,6200.0
2007-09-12,7.4,7.4,7.4,7.4,500.0
2007-09-19,7.38,7.38,7.38,7.38,2100.0
2007-09-20,7.37,7.37,7.37,7.37,3800.0
2007-09-21,7.4,7.4,7.37,7.4,2400.0
2007-09-24,7.37,7.4,7.37,7.37,12800.0
2007-09-25,7.36,7.37,7.36,7.37,400.0
2007-09-26,7.38,7.38,7.37,7.37,83800.0
2007-09-27,7.36,7.36,7.35,7.36,4700.0
2007-10-01,7.37,7.37,7.37,7.37,200.0
2007-10-02,7.38,7.38,7.37,7.37,700.0
2007-10-03,7.37,7.4,7.37,7.39,2400.0
2007-10-05,7.38,7.38,7.38,7.38,1000.0
2007-10-09,7.38,7.39,7.38,7.39,3600.0
2007-10-10,7.39,7.39,7.39,7.39,1500.0
2007-10-12,7.39,7.39,7.39,7.39,200.0
2007-10-16,7.39,7.39,7.39,7.39,2900.0
2007-10-17,7.39,7.39,7.39,7.39,100.0
2007-10-18,7.39,7.4,7.39,7.4,2400.0
2007-10-19,7.4,7.4,7.4,7.4,100.0
2007-10-23,7.41,7.41,7.41,7.41,2100.0
2007-10-24,7.42,7.43,7.42,7.43,4800.0
2007-10-25,7.41,7.43,7.41,7.43,5100.0
2007-10-29,7.45,7.45,7.43,7.45,8400.0
2007-10-30,7.44,7.44,7.44,7.44,8500.0
2007-10-31,7.45,7.45,7.45,7.45,5500.0
2007-11-01,7.43,7.43,7.43,7.43,2200.0
2007-11-02,7.42,7.42,7.39,7.4,9500.0
2007-11-05,7.4,7.4,7.4,7.4,1200.0
2007-11-06,7.4,7.4,7.4,7.4,100.0
2007-11-07,7.42,7.42,7.42,7.42,100.0
2007-11-08,7.4,7.4,7.4,7.4,32900.0
2007-11-09,7.39,7.39,7.39,7.39,12100.0
2007-11-13,7.38,7.39,7.38,7.39,1600.0
2007-11-15,7.38,7.39,7.38,7.39,25100.0
2007-11-19,7.37,7.4,7.37,7.39,5800.0
2007-11-21,7.4,7.4,7.4,7.4,1000.0
2007-11-23,7.42,7.42,7.42,7.42,2500.0
2007-11-27,7.39,7.43,7.39,7.39,1300.0
2007-11-28,7.36,7.36,7.36,7.36,200.0
2007-11-30,7.4,7.41,7.4,7.4,1500.0
2007-12-03,7.44,7.44,7.44,7.44,100.0
2007-12-04,7.44,7.44,7.44,7.44,1900.0
2007-12-05,7.38,7.43,7.38,7.43,6100.0
2007-12-06,7.4,7.44,7.4,7.44,400.0
2007-12-07,7.41,7.44,7.41,7.44,200.0
2007-12-10,7.39,7.41,7.39,7.4,6000.0
2007-12-11,7.39,7.39,7.39,7.39,100.0
2007-12-12,7.37,7.41,7.37,7.41,200.0
2007-12-14,7.38,7.43,7.38,7.43,500.0
2007-12-17,7.42,7.42,7.42,7.42,100.0
2007-12-21,7.44,7.44,7.44,7.44,900.0
2007-12-24,7.44,7.44,7.44,7.44,2600.0
2007-12-26,7.41,7.44,7.41,7.43,38000.0
2007-12-27,7.44,7.44,7.43,7.43,27600.0
2007-12-28,7.4,7.4,7.4,7.4,5000.0
2007-12-31,7.4,7.4,7.4,7.4,1200.0
2008-01-03,7.4,7.4,7.38,7.38,3700.0
2008-01-04,7.4,7.4,7.38,7.4,2700.0
2008-01-07,7.44,7.44,7.43,7.43,66400.0
2008-01-08,7.43,7.43,7.43,7.43,3700.0
2008-01-09,7.43,7.43,7.43,7.43,4200.0
2008-01-10,7.44,7.44,7.44,7.44,47500.0
2008-01-11,7.45,7.45,7.43,7.45,32000.0
2008-01-14,7.45,7.45,7.45,7.45,1700.0
2008-01-15,7.42,7.43,7.4,7.4,193300.0
2008-01-16,7.45,7.45,7.42,7.42,36700.0
2008-01-17,7.41,7.41,7.41,7.41,5000.0
2008-01-18,7.42,7.42,7.39,7.39,4800.0
2008-01-22,7.41,7.41,7.39,7.41,30300.0
2008-01-23,7.44,7.46,7.44,7.46,20900.0
2008-01-24,7.43,7.43,7.43,7.43,500.0
2008-01-25,7.42,7.42,7.42,7.42,100.0
2008-01-28,7.4,7.4,7.4,7.4,1300.0
2008-01-29,7.44,7.46,7.44,7.46,10000.0
2008-01-30,7.47,7.47,7.47,7.47,15900.0
2008-01-31,7.49,7.49,7.48,7.48,6900.0
2008-02-01,7.42,7.42,7.42,7.42,300.0
2008-02-04,7.45,7.45,7.45,7.45,100.0
2008-02-05,7.45,7.45,7.45,7.45,200.0
2008-02-08,7.5,7.5,7.5,7.5,100.0
2008-02-11,7.46,7.49,7.46,7.49,3100.0
2008-02-12,7.49,7.49,7.49,7.49,2700.0
2008-02-13,7.46,7.47,7.44,7.47,500.0
2008-02-20,7.52,7.52,7.52,7.52,200.0
2008-02-21,7.53,7.53,7.49,7.49,400.0
2008-02-22,7.52,7.52,7.49,7.5,400.0
2008-02-26,7.53,7.54,7.5,7.52,100400.0
2008-02-29,7.52,7.52,7.52,7.52,500.0
2008-03-04,7.42,7.47,7.42,7.47,300.0
2008-03-05,7.41,7.41,7.41,7.41,100.0
2008-03-06,7.43,7.43,7.43,7.43,100.0
2008-03-12,7.5,7.5,7.5,7.5,2500.0
2008-03-14,7.5,7.5,7.48,7.48,1400.0
2008-03-18,7.5,7.5,7.5,7.5,37900.0
2008-03-19,7.5,7.5,7.49,7.49,5200.0
2008-03-24,7.53,7.53,7.53,7.53,7900.0
2008-03-25,7.5,7.5,7.49,7.49,10300.0
2008-03-31,7.52,7.52,7.52,7.52,100.0
2008-04-03,7.6,7.65,7.55,7.55,1000.0
2008-04-04,7.55,7.55,7.53,7.53,3700.0
2008-04-09,7.45,7.53,7.4,7.53,18400.0
2008-04-11,7.53,7.53,7.53,7.53,20000.0
2008-04-14,7.4,7.4,7.4,7.4,1800.0
2008-04-15,7.4,7.4,7.35,7.35,1900.0
2008-04-17,7.35,7.35,7.35,7.35,200.0
2008-04-18,7.35,7.35,7.35,7.35,100.0
2008-04-21,7.35,7.35,7.35,7.35,400.0
2008-04-23,7.35,7.35,7.35,7.35,17600.0
2008-04-24,7.38,7.38,7.38,7.38,100.0
2008-04-25,7.4,7.5,7.4,7.5,400.0
2008-04-30,7.42,7.42,7.42,7.42,100.0
2008-05-01,7.32,7.32,7.32,7.32,100.0
2008-05-02,7.38,7.38,7.38,7.38,200.0
2008-05-12,7.42,7.42,7.42,7.42,200.0
2008-05-22,7.32,7.32,7.32,7.32,200.0
2008-05-28,7.22,7.32,7.22,7.32,300.0
2008-05-29,7.22,7.22,6.11,6.11,9800.0
2008-05-30,6.2,6.32,6.2,6.32,2600.0
2008-06-02,5.7,5.95,5.0,5.95,25800.0
2008-06-03,5.85,5.91,5.3,5.83,2400.0
2008-06-04,5.73,5.73,5.25,5.5,595800.0
2008-06-05,5.4,5.4,5.1,5.16,52000.0
2008-06-06,5.06,5.16,5.06,5.16,2900.0
2008-06-09,5.04,5.11,5.04,5.09,8700.0
2008-06-10,5.02,5.08,4.9,4.9,20000.0
2008-06-11,5.0,5.06,4.97,4.97,15200.0
2008-06-12,5.07,5.11,5.07,5.11,8100.0
2008-06-13,5.1,5.35,5.1,5.35,2300.0
2008-06-16,5.3,5.43,5.22,5.28,3000.0
2008-06-17,5.24,5.24,5.24,5.24,300.0
2008-06-18,5.16,5.16,4.04,5.12,7300.0
2008-06-19,5.05,5.1,5.05,5.1,1400.0
2008-06-20,5.03,5.05,4.99,5.05,900.0
2008-06-23,4.9,5.04,4.9,5.04,2500.0
2008-06-24,4.94,5.1,4.76,4.8,4700.0
2008-06-25,4.7,4.8,4.7,4.8,4800.0
2008-06-26,4.76,4.83,4.76,4.78,800.0
2008-06-27,4.8,4.8,4.8,4.8,2800.0
2008-06-30,4.84,4.9,4.84,4.9,700.0
2008-07-01,4.9,5.0,4.84,4.98,4800.0
2008-07-02,4.93,4.93,4.88,4.88,300.0
2008-07-07,4.78,4.78,4.59,4.59,1900.0
2008-07-08,4.65,4.65,4.65,4.65,200.0
2008-07-09,4.55,4.57,4.55,4.57,300.0
2008-07-10,4.52,4.52,4.45,4.5,1200.0
2008-07-11,4.55,4.55,4.55,4.55,200.0
2008-07-14,4.46,4.5,4.09,4.5,1100.0
2008-07-15,4.56,4.56,4.5,4.5,2500.0
2008-07-16,4.55,4.61,4.33,4.4,5400.0
2008-07-17,4.39,4.47,4.39,4.47,300.0
2008-07-18,4.44,4.51,4.44,4.51,400.0
2008-07-22,4.47,4.52,4.29,4.3,14300.0
2008-07-23,4.25,4.25,4.25,4.25,100.0
2008-07-24,4.4,4.6,4.4,4.6,1200.0
2008-07-25,4.55,4.55,4.55,4.55,5200.0
2008-07-29,4.5,4.5,4.25,4.25,800.0
2008-07-30,4.15,4.2,4.01,4.2,1200.0
2008-07-31,4.3,4.7,4.3,4.36,1100.0
2008-08-01,4.46,4.5,4.45,4.45,2900.0
2008-08-04,4.43,4.5,4.43,4.5,300.0
2008-08-05,4.49,4.5,4.44,4.44,23200.0
2008-08-06,4.54,4.84,4.26,4.5,1700.0
2008-08-07,4.4,4.5,4.4,4.5,300.0
2008-08-11,4.43,4.5,4.43,4.5,6700.0
2008-08-12,4.45,4.48,4.45,4.48,300.0
2008-08-14,4.4,4.4,4.4,4.4,1300.0
2008-08-18,4.3,4.3,4.26,4.26,400.0
2008-08-19,4.32,4.56,4.32,4.56,700.0
2008-08-20,4.46,4.74,4.34,4.63,1800.0
2008-08-21,4.53,4.53,4.41,4.41,300.0
2008-08-22,4.31,4.31,4.31,4.31,200.0
2008-08-25,4.21,4.49,4.21,4.49,900.0
2008-08-27,4.39,4.39,4.39,4.39,200.0
2008-08-28,4.45,4.45,4.45,4.45,200.0
2008-09-02,4.5,4.5,4.35,4.35,300.0
2008-09-03,4.43,4.43,4.35,4.35,500.0
2008-09-04,4.3,4.3,4.25,4.25,200.0
2008-09-05,4.27,4.29,4.24,4.24,400.0
2008-09-08,4.34,4.4,4.34,4.37,1300.0
2008-09-09,4.47,4.47,4.37,4.37,300.0
2008-09-11,4.27,4.27,4.03,4.03,400.0
2008-09-12,4.07,4.1,4.0,4.0,1300.0
2008-09-15,4.0,4.0,4.0,4.0,600.0
2008-09-16,3.9,4.04,3.9,3.99,700.0
2008-09-17,3.89,3.89,3.89,3.89,200.0
2008-09-18,3.89,3.89,3.89,3.89,500.0
2008-09-19,3.95,4.55,3.95,4.3,7500.0
2008-09-22,4.23,4.23,3.87,3.87,1400.0
2008-09-23,3.99,3.99,3.99,3.99,200.0
2008-09-25,4.01,4.1,4.01,4.1,300.0
2008-09-29,4.05,4.05,4.05,4.05,200.0
2008-10-06,4.15,4.15,3.9,3.91,300.0
2008-10-07,3.98,4.15,3.5,3.5,13400.0
2008-10-08,3.5,3.6,3.5,3.6,200.0
2008-10-09,3.44,3.44,3.4,3.4,700.0
2008-10-10,3.4,3.4,3.4,3.4,100.0
2008-10-14,3.4,3.8,3.4,3.8,900.0
2008-10-15,3.6,3.74,3.6,3.74,200.0
2008-10-16,3.6,3.74,3.6,3.64,300.0
2008-10-17,3.74,3.75,3.74,3.75,200.0
2008-10-20,3.5,3.5,3.5,3.5,200.0
2008-10-24,3.25,3.25,3.25,3.25,600.0
2008-10-27,3.34,3.36,3.34,3.36,200.0
2008-10-29,3.5,3.5,3.0,3.3,7700.0
2008-10-31,3.24,3.6,3.24,3.6,1500.0
2008-11-03,3.4,3.45,3.15,3.25,4300.0
2008-11-05,3.18,3.18,3.18,3.18,100.0
2008-11-07,3.27,3.4,3.27,3.4,500.0
2008-11-10,3.38,3.4,3.35,3.35,8700.0
2008-11-11,3.42,3.6,3.42,3.55,1100.0
2008-11-12,3.4,3.4,3.25,3.38,2600.0
2008-11-14,3.22,3.23,3.1,3.23,500.0
2008-11-17,3.23,3.23,3.23,3.23,100.0
2008-11-18,3.25,3.25,3.1,3.1,300.0
2008-11-19,3.1,3.15,3.1,3.1,1400.0
2008-11-20,3.02,3.2,3.02,3.05,2400.0
2008-11-21,2.95,3.03,2.47,2.8,5400.0
2008-11-24,2.9,3.45,2.9,2.99,1600.0
2008-11-25,3.01,3.5,3.01,3.37,800.0
2008-11-26,3.45,3.45,3.45,3.45,100.0
2008-11-28,3.55,3.55,3.55,3.55,100.0
2008-12-01,3.45,3.6,3.42,3.42,1800.0
2008-12-02,3.3,3.35,3.3,3.35,400.0
2008-12-04,3.25,3.25,3.05,3.05,2900.0
2008-12-08,3.05,3.14,3.05,3.05,1800.0
2008-12-09,3.05,3.05,3.05,3.05,100.0
2008-12-10,3.07,3.07,3.05,3.05,2000.0
2008-12-11,3.05,3.05,2.75,2.75,4200.0
2008-12-12,2.95,3.0,2.9,2.9,2100.0
2008-12-15,3.0,3.0,2.9,3.0,12300.0
2008-12-16,2.95,3.05,2.95,3.05,200.0
2008-12-17,3.0,3.0,2.45,3.0,10800.0
2008-12-18,3.05,3.1,2.95,3.1,1200.0
2008-12-19,3.0,3.1,2.88,3.0,9200.0
2008-12-22,3.1,3.2,3.0,3.07,2400.0
2008-12-23,3.0,3.0,3.0,3.0,500.0
2008-12-26,2.8,2.8,2.8,2.8,2100.0
2008-12-29,3.0,3.0,2.9,2.9,4600.0
2008-12-30,2.95,3.0,2.95,2.97,2800.0
2008-12-31,2.95,3.0,2.95,3.0,11600.0
2009-01-02,3.07,3.25,3.07,3.1,1900.0
2009-01-05,3.2,3.35,3.1,3.35,3000.0
2009-01-06,3.33,3.33,3.33,3.33,1000.0
2009-01-08,3.2,3.2,3.15,3.15,400.0
2009-01-09,3.1,3.1,3.1,3.1,200.0
2009-01-12,3.15,3.2,3.01,3.13,1900.0
2009-01-13,3.15,3.19,3.15,3.19,1300.0
2009-01-14,3.19,3.19,3.19,3.19,500.0
2009-01-15,3.1,3.1,3.1,3.1,200.0
2009-01-16,3.05,3.05,2.97,2.97,1500.0
2009-01-21,2.9,2.9,2.9,2.9,300.0
2009-01-22,3.0,3.0,2.8,2.8,1700.0
2009-01-26,2.9,3.0,2.9,3.0,1000.0
2009-01-27,3.05,3.05,3.05,3.05,600.0
2009-01-28,3.0,3.05,3.0,3.05,400.0
2009-01-29,3.05,3.1,3.05,3.1,3300.0
2009-01-30,3.1,3.1,3.05,3.05,1000.0
2009-02-02,3.1,3.1,3.0,3.1,6200.0
2009-02-03,3.06,3.06,2.95,3.05,4000.0
2009-02-04,3.0,3.1,2.82,3.1,4600.0
2009-02-05,3.12,3.15,3.1,3.1,24000.0
2009-02-06,3.12,3.16,3.12,3.15,7200.0
2009-02-10,3.1,3.15,3.1,3.15,2400.0
2009-02-11,3.18,3.3,3.18,3.3,9100.0
2009-02-12,3.3,3.3,3.3,3.3,1500.0
2009-02-13,3.35,3.35,3.35,3.35,200.0
2009-02-17,3.45,3.55,3.45,3.55,1400.0
2009-02-18,3.55,3.55,3.52,3.52,400.0
2009-02-19,3.5,3.65,3.5,3.65,9200.0
2009-02-20,3.85,3.85,3.62,3.62,500.0
2009-02-23,3.62,3.62,3.62,3.62,300.0
2009-02-24,3.55,3.59,3.36,3.5,5800.0
2009-02-25,3.55,3.67,3.55,3.56,2200.0
2009-02-26,3.6,3.6,3.59,3.59,400.0
2009-02-27,3.56,3.56,3.5,3.5,1000.0
2009-03-02,3.43,3.55,3.2,3.2,3600.0
2009-03-03,3.4,3.4,3.25,3.37,9300.0
2009-03-04,3.45,3.45,3.3,3.3,600.0
2009-03-05,3.31,3.31,3.31,3.31,4600.0
2009-03-06,3.4,3.49,3.4,3.49,900.0
2009-03-09,3.36,3.36,3.31,3.31,7000.0
2009-03-10,3.35,3.49,3.35,3.49,1300.0
2009-03-11,3.38,3.49,3.38,3.49,1600.0
2009-03-12,3.5,3.55,3.5,3.55,4100.0
2009-03-16,3.5,3.55,3.46,3.46,1900.0
2009-03-17,3.5,3.5,3.5,3.5,200.0
2009-03-18,3.54,3.64,3.54,3.64,1500.0
2009-03-19,3.63,3.63,3.62,3.62,400.0
2009-03-20,3.56,3.56,3.45,3.45,1700.0
2009-03-23,3.65,3.65,3.16,3.33,25200.0
2009-03-24,3.37,3.37,3.37,3.37,1600.0
2009-03-25,3.47,3.57,3.47,3.57,600.0
2009-03-26,3.42,3.42,3.35,3.35,2000.0
2009-03-27,3.35,3.4,3.26,3.4,8200.0
2009-03-30,3.28,3.32,3.26,3.32,1700.0
2009-03-31,3.4,3.4,3.4,3.4,100.0
2009-04-01,3.31,3.45,3.3,3.45,700.0
2009-04-02,3.55,3.55,3.49,3.49,1700.0
2009-04-03,3.5,3.5,3.5,3.5,100.0
2009-04-06,3.55,3.64,3.55,3.64,1000.0
2009-04-07,3.57,3.57,3.57,3.57,300.0
2009-04-14,3.63,3.63,3.63,3.63,200.0
2009-04-16,3.7,3.7,3.7,3.7,100.0
2009-04-17,3.65,3.75,3.6,3.69,4600.0
2009-04-20,3.65,3.7,3.64,3.65,3600.0
2009-04-21,3.7,3.75,3.55,3.7,3700.0
2009-04-22,3.76,3.76,3.76,3.76,200.0
2009-04-23,3.85,3.85,3.65,3.75,1500.0
2009-04-24,3.71,3.71,3.71,3.71,200.0
2009-04-28,3.62,3.62,3.61,3.61,300.0
2009-04-29,3.65,3.65,3.65,3.65,100.0
2009-04-30,3.61,3.61,3.55,3.6,1200.0
2009-05-01,3.55,3.55,3.5,3.55,600.0
2009-05-04,3.55,3.6,3.55,3.6,300.0
2009-05-05,3.5,3.65,3.45,3.6,2900.0
2009-05-06,3.6,3.7,3.58,3.7,6900.0
2009-05-07,3.7,3.79,3.7,3.79,900.0
2009-05-08,3.8,4.08,3.8,4.08,3000.0
2009-05-11,4.08,4.35,4.08,4.3,4000.0
2009-05-12,4.26,4.26,3.61,3.84,6900.0
2009-05-13,3.95,4.03,3.95,4.03,1000.0
2009-05-14,4.2,4.25,4.1,4.2,1500.0
2009-05-15,4.25,4.29,4.2,4.25,1900.0
2009-05-18,4.21,4.25,4.2,4.2,1200.0
2009-05-19,4.2,4.39,4.1,4.33,9900.0
2009-05-20,4.25,4.25,4.11,4.2,25900.0
2009-05-21,4.18,4.25,4.18,4.25,10700.0
2009-05-22,4.2,4.2,3.5,3.8,115000.0
2009-05-26,3.7,4.0,3.7,3.85,16700.0
2009-05-27,3.8,3.8,3.65,3.69,95500.0
2009-05-28,3.69,3.69,3.55,3.6,22600.0
2009-05-29,3.63,3.63,3.1,3.1,55500.0
2009-06-01,3.27,3.35,3.22,3.22,37400.0
2009-06-02,3.27,3.3,3.14,3.14,10500.0
2009-06-03,3.25,3.54,3.24,3.54,27400.0
2009-06-04,3.52,3.56,3.45,3.54,3500.0
2009-06-05,3.54,3.55,3.48,3.54,5200.0
2009-06-08,3.5,3.5,3.46,3.46,11700.0
2009-06-09,3.48,3.5,3.48,3.5,300.0
2009-06-10,3.49,3.5,3.48,3.5,700.0
2009-06-11,3.49,3.53,3.49,3.53,1100.0
2009-06-12,3.55,3.55,3.54,3.55,103300.0
2009-06-15,3.57,3.7,3.57,3.7,3800.0
2009-06-16,3.7,3.73,3.7,3.73,4900.0
2009-06-17,3.7,3.73,3.67,3.67,3100.0
2009-06-18,3.7,3.7,3.67,3.67,800.0
2009-06-19,3.7,3.75,3.63,3.63,16200.0
2009-06-22,3.63,3.63,3.5,3.5,2200.0
2009-06-24,3.41,3.41,3.35,3.41,10600.0
2009-06-25,3.46,3.51,3.46,3.51,400.0
2009-06-26,3.56,3.69,3.3,3.3,92600.0
2009-06-29,3.36,3.36,3.2,3.34,22000.0
2009-06-30,3.34,3.7,3.34,3.7,5900.0
2009-07-01,3.7,3.7,3.5,3.53,4600.0
2009-07-02,3.45,3.45,3.45,3.45,200.0
2009-07-06,3.47,3.47,3.4,3.4,500.0
2009-07-07,3.4,3.4,3.4,3.4,1300.0
2009-07-08,3.4,3.4,3.4,3.4,8800.0
2009-07-09,3.41,3.41,3.39,3.4,6300.0
2009-07-10,3.35,3.39,3.35,3.39,500.0
2009-07-14,3.39,3.54,3.39,3.49,4900.0
2009-07-15,3.45,3.49,3.41,3.45,12800.0
2009-07-16,3.45,3.45,3.35,3.35,400.0
2009-07-17,3.4,3.6,3.4,3.5,111500.0
2009-07-20,3.55,3.55,3.5,3.55,900.0
2009-07-21,3.55,3.65,3.5,3.65,11200.0
2009-07-22,3.65,3.65,3.65,3.65,300.0
2009-07-23,3.68,3.68,3.68,3.68,500.0
2009-07-28,3.63,3.71,3.58,3.71,2700.0
2009-07-29,3.66,3.66,3.16,3.31,24200.0
2009-07-30,3.31,3.33,3.3,3.33,5700.0
2009-07-31,3.33,3.34,3.31,3.34,3700.0
2009-08-03,3.33,3.35,3.3,3.32,11600.0
2009-08-04,3.34,3.4,3.34,3.4,1700.0
2009-08-05,3.42,3.5,3.42,3.5,2200.0
2009-08-06,3.48,3.52,3.48,3.52,2000.0
2009-08-07,3.5,3.5,3.3,3.3,19400.0
2009-08-10,3.32,3.32,3.28,3.28,4800.0
2009-08-11,3.28,3.28,3.28,3.28,1700.0
2009-08-12,3.28,3.28,3.28,3.28,100.0
2009-08-13,3.3,3.3,3.28,3.28,4300.0
2009-08-14,3.3,3.3,3.3,3.3,200.0
2009-08-17,3.32,3.4,3.32,3.4,1900.0
2009-08-18,3.41,3.41,3.38,3.38,300.0
2009-08-19,3.28,3.32,3.24,3.25,6800.0
2009-08-20,3.24,3.24,3.2,3.2,21300.0
2009-08-21,3.22,3.25,3.2,3.25,2100.0
2009-08-24,3.25,3.39,3.21,3.36,5200.0
2009-08-25,3.38,3.41,3.37,3.37,900.0
2009-08-26,3.39,3.39,3.35,3.36,1400.0
2009-08-27,3.38,3.42,3.38,3.42,500.0
2009-08-28,3.44,3.49,3.44,3.47,3700.0
2009-08-31,3.45,3.45,3.35,3.35,1500.0
2009-09-01,3.33,3.33,3.3,3.3,2400.0
2009-09-02,3.3,3.3,3.3,3.3,100.0
2009-09-03,3.28,3.32,3.22,3.32,2200.0
2009-09-04,3.3,3.3,3.28,3.28,300.0
2009-09-08,3.24,3.24,3.24,3.24,100.0
2009-09-09,3.23,3.23,3.23,3.23,400.0
2009-09-10,3.22,3.22,3.2,3.21,3200.0
2009-09-11,3.22,3.45,3.22,3.26,3900.0
2009-09-14,3.26,3.49,3.26,3.49,3200.0
2009-09-15,3.47,3.47,3.45,3.45,500.0
2009-09-16,3.43,3.43,3.35,3.4,1900.0
2009-09-17,3.37,3.5,3.37,3.49,9300.0
2009-09-18,3.49,3.5,3.45,3.46,4300.0
2009-09-21,3.45,3.45,3.41,3.41,3400.0
2009-09-22,3.39,3.43,3.39,3.43,900.0
2009-09-24,3.45,3.47,3.38,3.4,14600.0
2009-09-25,3.4,3.47,3.39,3.47,3600.0
2009-09-28,3.47,3.47,3.47,3.47,1100.0
2009-09-29,3.46,3.46,3.43,3.43,600.0
2009-10-01,3.45,3.5,3.45,3.5,800.0
2009-10-02,3.48,3.48,3.38,3.42,1500.0
2009-10-06,3.44,3.55,3.44,3.51,1500.0
2009-10-07,3.53,3.55,3.49,3.49,2700.0
2009-10-09,3.47,3.47,3.35,3.4,3300.0
2009-10-12,3.43,3.43,3.43,3.43,800.0
2009-10-13,3.41,3.41,3.41,3.41,7100.0
2009-10-14,3.43,3.49,3.43,3.49,800.0
2009-10-15,3.49,3.5,3.47,3.5,1600.0
2009-10-16,3.52,3.56,3.48,3.48,1300.0
2009-10-19,3.46,3.46,3.46,3.46,200.0
2009-10-21,3.44,3.44,3.36,3.44,1800.0
2009-10-22,3.42,3.44,3.38,3.38,1700.0
2009-10-23,3.39,3.39,3.39,3.39,300.0
2009-10-26,3.38,3.38,3.11,3.19,19700.0
2009-10-27,3.21,3.31,3.19,3.31,5600.0
2009-10-29,3.29,3.29,3.23,3.25,2200.0
2009-10-30,3.23,3.23,3.09,3.15,2300.0
2009-11-02,3.15,3.15,3.1,3.1,600.0
2009-11-03,3.05,3.11,3.05,3.11,1400.0
2009-11-04,3.14,3.14,3.11,3.14,600.0
2009-11-05,3.11,3.11,3.05,3.11,1100.0
2009-11-06,2.91,3.14,2.91,3.05,8600.0
2009-11-09,3.08,3.14,3.02,3.04,4200.0
2009-11-10,3.05,3.11,3.0,3.0,9100.0
2009-11-11,3.01,3.02,2.8,2.95,22000.0
2009-11-12,2.97,2.98,2.67,2.9,8600.0
2009-11-13,2.92,2.92,2.88,2.88,1000.0
2009-11-16,2.95,2.95,2.88,2.88,9100.0
2009-11-17,2.97,3.0,2.87,2.87,7500.0
2009-11-18,2.9,2.9,2.86,2.86,3200.0
2009-11-19,2.84,2.84,2.75,2.75,1700.0
2009-11-20,2.79,2.87,2.77,2.77,5200.0
2009-11-23,2.77,2.78,2.75,2.75,8600.0
2009-11-24,2.77,2.86,2.77,2.8,18100.0
2009-11-25,2.78,2.84,2.75,2.75,2900.0
2009-11-27,2.73,2.73,2.73,2.73,400.0
2009-11-30,2.72,2.72,2.66,2.7,16500.0
2009-12-01,2.68,2.68,2.55,2.55,5100.0
2009-12-02,2.45,2.51,2.41,2.47,15800.0
2009-12-03,2.49,2.66,2.48,2.63,7700.0
2009-12-04,2.67,2.73,2.67,2.7,2300.0
2009-12-07,2.67,2.71,2.67,2.71,900.0
2009-12-08,2.73,2.73,2.73,2.73,700.0
2009-12-09,2.72,2.72,2.56,2.6,6800.0
2009-12-10,2.6,2.62,2.57,2.57,7900.0
2009-12-11,2.55,2.59,2.54,2.59,2000.0
2009-12-14,2.61,2.73,2.61,2.69,12700.0
2009-12-15,2.7,2.71,2.69,2.7,12600.0
2009-12-16,2.64,2.76,2.64,2.72,10000.0
2009-12-17,2.7,2.72,2.7,2.7,900.0
2009-12-18,2.67,2.7,2.67,2.68,4300.0
2009-12-21,2.7,2.88,2.7,2.88,2500.0
2009-12-22,2.89,3.05,2.89,2.98,4800.0
2009-12-23,3.0,3.03,3.0,3.03,2900.0
2009-12-24,3.05,3.07,3.05,3.07,800.0
2009-12-28,3.0,3.09,3.0,3.09,5400.0
2009-12-29,3.1,3.12,3.1,3.12,1000.0
2009-12-30,3.14,3.14,3.04,3.04,1500.0
2009-12-31,3.06,3.29,3.06,3.26,6100.0
2010-01-04,3.28,3.28,3.26,3.27,500.0
2010-01-05,3.25,3.25,3.25,3.25,400.0
2010-01-06,3.23,3.23,2.9,3.0,22400.0
2010-01-07,3.0,3.09,3.0,3.09,1300.0
2010-01-08,3.1,3.14,3.1,3.14,600.0
2010-01-11,3.17,3.29,3.17,3.25,1800.0
2010-01-12,3.23,3.23,3.2,3.22,700.0
2010-01-13,3.19,3.21,2.96,3.0,2900.0
2010-01-14,3.02,3.08,3.02,3.06,1100.0
2010-01-15,3.06,3.1,3.06,3.1,600.0
2010-01-19,3.11,3.19,3.11,3.19,900.0
2010-01-20,3.15,3.15,3.13,3.13,2700.0
2010-01-21,3.1,3.1,3.1,3.1,4100.0
2010-01-22,3.09,3.18,3.09,3.14,2100.0
2010-01-25,3.2,3.2,3.06,3.08,1600.0
2010-01-26,3.06,3.06,2.99,2.99,3900.0
2010-01-27,3.0,3.0,2.95,2.99,3300.0
2010-01-28,3.0,3.08,2.98,3.0,6000.0
2010-01-29,3.0,3.0,2.99,2.99,600.0
2010-02-01,3.01,3.01,3.0,3.0,300.0
2010-02-02,3.0,3.0,3.0,3.0,500.0
2010-02-05,2.96,3.0,2.96,3.0,1300.0
2010-02-08,2.98,3.0,2.98,3.0,400.0
2010-02-09,3.0,3.0,2.84,2.84,1900.0
2010-02-10,2.82,2.88,2.82,2.88,800.0
2010-02-11,2.9,2.93,2.87,2.91,2600.0
2010-02-12,2.89,3.0,2.89,2.97,3700.0
2010-02-16,2.99,2.99,2.97,2.97,1400.0
2010-02-17,2.96,2.96,2.96,2.96,1000.0
2010-02-18,2.98,3.06,2.98,3.03,8000.0
2010-02-19,3.01,3.01,2.99,2.99,400.0
2010-02-22,3.15,3.15,3.08,3.08,4500.0
2010-02-23,3.1,3.1,3.02,3.02,1500.0
2010-02-24,3.04,3.06,3.04,3.04,600.0
2010-02-25,3.06,3.21,3.01,3.05,4700.0
2010-02-26,3.07,3.16,3.07,3.13,6200.0
2010-03-01,3.14,3.16,3.1,3.13,2100.0
2010-03-02,3.15,3.15,3.09,3.09,1400.0
2010-03-03,3.07,3.07,3.03,3.03,1000.0
2010-03-04,3.05,3.05,2.88,2.96,9100.0
2010-03-05,2.98,3.0,2.9,2.9,11700.0
2010-03-08,2.91,2.94,2.88,2.94,2100.0
2010-03-09,2.96,3.09,2.88,2.9,2100.0
2010-03-10,2.92,3.0,2.92,2.96,1900.0
2010-03-11,2.94,2.96,2.88,2.88,5000.0
2010-03-12,2.9,3.2,2.89,3.1,10600.0
2010-03-15,3.09,3.09,2.95,2.95,1700.0
2010-03-16,2.97,3.01,2.97,2.99,800.0
2010-03-17,3.0,3.04,3.0,3.02,1500.0
2010-03-18,3.04,3.22,3.04,3.1,9800.0
2010-03-19,3.11,3.11,2.88,2.91,13900.0
2010-03-22,2.93,2.97,2.91,2.96,1300.0
2010-03-23,2.94,2.96,2.92,2.96,1100.0
2010-03-24,2.94,2.95,2.92,2.95,1600.0
2010-03-25,2.93,2.97,2.91,2.96,3800.0
2010-03-26,2.99,2.99,2.96,2.96,700.0
2010-03-29,2.98,3.03,2.98,3.01,1000.0
2010-03-30,2.99,2.99,2.97,2.97,400.0
2010-03-31,2.99,3.01,2.91,2.91,1500.0
2010-04-01,2.93,2.97,2.93,2.97,600.0
2010-04-05,3.02,3.02,2.76,2.9,12800.0
2010-04-06,2.88,2.9,2.72,2.75,4800.0
2010-04-07,2.77,2.77,2.67,2.67,3200.0
2010-04-08,2.68,2.68,2.62,2.68,1900.0
2010-04-09,2.68,2.74,2.68,2.74,2900.0
2010-04-12,2.76,2.78,2.64,2.74,5700.0
2010-04-13,2.72,2.74,2.7,2.74,500.0
2010-04-14,2.76,2.8,2.7,2.75,4900.0
2010-04-15,2.73,2.96,2.71,2.8,12300.0
2010-04-16,2.8,2.98,2.8,2.87,3600.0
2010-04-19,2.89,2.91,2.89,2.9,500.0
2010-04-20,2.92,2.92,2.92,2.92,200.0
2010-04-21,2.94,2.94,2.94,2.94,200.0
2010-04-22,2.96,2.96,2.86,2.9,1500.0
2010-04-23,2.92,3.04,2.92,3.02,1900.0
2010-04-26,3.02,3.12,2.95,2.97,4200.0
2010-04-27,2.95,2.95,2.9,2.92,1400.0
2010-04-28,2.94,2.94,2.92,2.92,400.0
2010-04-29,2.92,2.94,2.92,2.94,900.0
2010-04-30,2.92,2.92,2.85,2.88,11800.0
2010-05-03,2.9,2.9,2.87,2.87,400.0
2010-05-04,2.89,2.9,2.88,2.88,1700.0
2010-05-05,2.86,2.86,2.78,2.78,1200.0
2010-05-06,2.78,2.78,2.7,2.76,1600.0
2010-05-07,2.74,2.74,2.74,2.74,300.0
2010-05-10,2.76,2.8,2.76,2.78,1100.0
2010-05-11,2.8,2.8,2.75,2.77,1100.0
2010-05-12,2.78,2.81,2.78,2.81,700.0
2010-05-13,2.82,2.82,2.78,2.78,1200.0
2010-05-14,2.78,2.8,2.78,2.8,2000.0
2010-05-17,2.81,2.81,2.73,2.76,1200.0
2010-05-18,2.75,2.77,2.67,2.73,5100.0
2010-05-19,2.71,2.74,2.69,2.74,3100.0
2010-05-20,2.72,2.78,2.67,2.78,2800.0
2010-05-21,2.76,2.76,2.69,2.72,1900.0
2010-05-24,2.73,2.78,2.73,2.78,900.0
2010-05-25,2.75,2.75,2.68,2.72,1600.0
2010-05-26,2.7,2.72,2.35,2.35,10500.0
2010-05-27,2.55,2.81,2.55,2.72,12000.0
2010-05-28,2.74,2.82,2.64,2.7,3400.0
2010-06-01,2.68,2.68,2.59,2.59,1200.0
2010-06-02,2.58,2.75,2.54,2.73,5800.0
2010-06-03,2.6,2.64,2.56,2.58,4100.0
2010-06-04,2.6,2.62,2.6,2.61,800.0
2010-06-07,2.59,2.61,2.55,2.61,1800.0
2010-06-08,2.6,2.6,2.55,2.55,4900.0
2010-06-09,2.53,2.55,2.51,2.51,1200.0
2010-06-10,2.53,2.55,2.53,2.53,600.0
2010-06-11,2.51,2.51,2.49,2.49,400.0
2010-06-14,2.38,2.44,2.38,2.44,5600.0
2010-06-15,2.46,2.46,2.37,2.4,2300.0
2010-06-16,2.38,2.38,2.34,2.36,2400.0
2010-06-17,2.34,2.37,2.32,2.32,1500.0
2010-06-18,2.33,2.35,2.31,2.35,900.0
2010-06-21,2.34,2.34,2.3,2.3,1600.0
2010-06-22,2.33,2.33,2.2,2.2,4700.0
2010-06-23,2.18,2.2,2.16,2.16,4300.0
2010-06-24,2.18,2.18,2.1,2.13,3500.0
2010-06-25,2.15,2.69,2.15,2.45,43300.0
2010-06-28,2.43,2.43,2.16,2.23,4400.0
2010-06-29,2.21,2.24,2.21,2.21,800.0
2010-06-30,2.19,2.24,2.11,2.24,5100.0
2010-07-01,2.22,2.32,2.14,2.32,3400.0
2010-07-02,2.33,2.38,2.25,2.25,4500.0
2010-07-06,2.27,2.27,2.22,2.22,1700.0
2010-07-07,2.2,2.25,2.1,2.25,2900.0
2010-07-08,2.24,2.24,2.12,2.15,1800.0
2010-07-09,2.11,2.11,2.1,2.1,2500.0
2010-07-12,2.15,2.15,2.09,2.09,600.0
2010-07-13,2.09,2.1,2.08,2.08,2400.0
2010-07-14,2.1,2.1,1.98,1.98,2200.0
2010-07-15,2.0,2.0,2.0,2.0,100.0
2010-07-16,2.0,2.0,2.0,2.0,100.0
2010-07-19,2.0,2.0,1.98,2.0,1200.0
2010-07-20,2.01,2.01,1.91,1.91,1900.0
2010-07-21,1.95,1.95,1.95,1.95,200.0
2010-07-22,1.95,1.95,1.92,1.92,600.0
2010-07-23,1.92,1.92,1.81,1.82,4000.0
2010-07-26,1.82,1.82,1.75,1.75,2200.0
2010-07-27,1.79,1.85,1.77,1.85,2500.0
2010-07-28,1.81,1.81,1.75,1.8,7800.0
2010-07-29,1.81,1.81,1.8,1.81,3400.0
2010-07-30,1.85,1.85,1.83,1.83,1100.0
2010-08-02,1.81,1.81,1.81,1.81,400.0
2010-08-03,1.82,1.83,1.8,1.8,2000.0
2010-08-04,1.83,1.83,1.74,1.76,2500.0
2010-08-05,1.75,1.75,1.67,1.7,5700.0
2010-08-06,1.72,1.72,1.56,1.6,3500.0
2010-08-09,1.62,1.7,1.62,1.7,1000.0
2010-08-10,1.72,1.72,1.72,1.72,1000.0
2010-08-12,1.67,1.7,1.56,1.7,1500.0
2010-08-13,1.69,1.71,1.65,1.65,5900.0
2010-08-16,1.79,1.79,1.66,1.66,2600.0
2010-08-17,1.61,1.66,1.61,1.66,400.0
2010-08-19,1.68,1.68,1.6,1.6,500.0
2010-08-20,1.51,1.51,1.49,1.5,9710.0
2010-08-23,1.48,1.48,1.29,1.29,3227.0
2010-08-24,1.17,1.28,1.14,1.15,7600.0
2010-08-25,1.17,1.25,1.0,1.03,17107.0
2010-08-26,1.03,1.05,0.9212,0.99,33315.0
2010-08-27,0.94,1.06,0.94,1.06,400.0
2010-08-30,1.06,1.34,1.06,1.34,8900.0
2010-08-31,1.3,1.3,1.17,1.22,1217.0
2010-09-01,1.2,1.26,1.2,1.25,1111.0
2010-09-02,1.25,1.25,1.25,1.25,2200.0
2010-09-03,1.19,1.19,1.16,1.16,500.0
2010-09-07,1.14,1.14,1.06,1.06,6955.0
2010-09-08,1.07,1.07,1.07,1.07,690.0
2010-09-09,1.12,1.15,1.12,1.15,3096.0
2010-09-10,1.19,1.19,1.19,1.19,300.0
2010-09-13,1.2,1.24,1.2,1.24,3100.0
2010-09-14,1.21,1.21,1.21,1.21,300.0
2010-09-15,1.18,1.18,1.14,1.14,911.0
2010-09-16,1.11,1.11,1.0,1.1,2100.0
2010-09-17,1.05,1.05,1.05,1.05,900.0
2010-09-20,1.07,1.07,1.0,1.0,4256.0
2010-09-21,1.05,1.05,1.02,1.02,500.0
2010-09-22,1.04,1.04,1.02,1.02,200.0
2010-09-23,1.05,1.05,1.05,1.05,5600.0
2010-09-24,1.01,1.01,1.01,1.01,202.0
2010-09-27,1.06,1.06,1.06,1.06,100.0
2010-09-28,1.05,1.05,1.05,1.05,284.0
2010-09-29,1.05,1.05,1.05,1.05,150.0
2010-09-30,1.02,1.02,0.97,0.99,6845.0
2010-10-01,1.03,1.05,1.03,1.05,1160.0
2010-10-04,1.08,1.08,0.99,0.99,500.0
2010-10-05,1.05,1.05,1.0,1.0,2542.0
2010-10-06,1.05,1.05,1.05,1.05,10100.0
2010-10-07,1.02,1.02,1.0,1.0,3158.0
2010-10-08,1.0,1.0,0.95,0.95,1800.0
2010-10-11,0.98,0.999,0.98,0.99,3100.0
2010-10-12,1.0,1.0,1.0,1.0,400.0
2010-10-13,0.96,0.96,0.96,0.96,200.0
2010-10-14,0.95,0.951,0.95,0.95,6100.0
2010-10-15,0.98,0.99,0.96,0.96,9400.0
2010-10-18,0.95,0.95,0.94,0.94,4709.0
2010-10-19,0.95,0.95,0.93,0.93,10285.0
2010-10-20,0.93,0.93,0.93,0.93,4015.0
2010-10-21,0.98,0.99,0.98,0.99,3865.0
2010-10-22,0.94,1.04,0.93,1.04,1800.0
2010-10-25,1.04,1.11,1.03,1.03,8400.0
2010-10-26,1.03,1.08,1.03,1.07,955.0
2010-10-27,1.06,1.11,1.06,1.11,800.0
2010-10-28,1.1,1.1,1.1,1.1,2000.0
2010-10-29,1.08,1.08,1.06,1.06,4800.0
2010-11-01,1.06,1.07,1.06,1.07,3059.0
2010-11-02,1.06,1.06,1.01,1.02,6167.0
2010-11-03,1.04,1.04,1.01,1.01,2800.0
2010-11-04,1.02,1.02,1.02,1.02,100.0
2010-11-05,1.06,1.06,1.0,1.0,373.0
2010-11-08,1.0,1.0,0.93,0.94,7697.0
2010-11-09,1.0,1.0,0.89,0.9,7823.0
2010-11-10,0.92,0.92,0.89,0.89,6600.0
2010-11-11,1.05,1.05,0.89,0.94,9200.0
2010-11-12,0.97,0.97,0.92,0.92,10275.0
2010-11-15,0.9,0.92,0.84,0.8625,12997.0
2010-11-16,0.85,0.85,0.85,0.85,1000.0
2010-11-18,0.89,0.93,0.89,0.89,300.0
2010-11-19,0.85,0.89,0.835,0.835,10674.0
2010-11-22,0.84,0.84,0.82,0.82,5566.0
2010-11-23,0.83,0.83,0.81,0.81,5360.0
2010-11-24,0.85,0.85,0.8,0.8,20900.0
2010-11-26,0.84,0.84,0.8,0.8,203.0
2010-11-29,0.8,0.8,0.78,0.78,4982.0
2010-11-30,0.7721,0.8,0.77,0.8,972.0
2010-12-01,0.7,0.76,0.7,0.76,16145.0
2010-12-02,0.75,0.75,0.75,0.75,994.0
2010-12-03,0.75,0.75,0.71,0.74,1600.0
2010-12-06,0.75,0.77,0.74,0.74,4000.0
2010-12-07,0.74,0.74,0.71,0.7285,6667.0
2010-12-08,0.7,0.7,0.7,0.7,575.0
2010-12-09,0.74,0.78,0.72,0.7385,2400.0
2010-12-10,0.74,0.85,0.74,0.75,5100.0
2010-12-13,0.77,0.77,0.7235,0.73,6900.0
2010-12-14,0.722,0.76,0.722,0.74,68250.0
2010-12-15,0.73,0.76,0.7,0.74,24200.0
2010-12-16,0.7101,0.7501,0.7101,0.7501,20688.0
2010-12-17,0.74,0.75,0.74,0.75,2499.0
2010-12-20,0.76,0.8,0.76,0.8,7900.0
2010-12-21,0.84,0.89,0.84,0.8899,13100.0
2010-12-22,0.89,1.02,0.889,0.98,15457.0
2010-12-23,1.02,1.25,1.02,1.04,14140.0
2010-12-27,1.01,1.05,1.01,1.04,3200.0
2010-12-28,1.03,1.03,0.92,0.92,5965.0
2010-12-29,0.9,1.08,0.9,1.0,42039.0
2010-12-30,1.05,1.07,1.03,1.07,8596.0
2010-12-31,1.15,1.15,1.04,1.04,3800.0
2011-01-03,1.05,1.14,1.05,1.14,1000.0
2011-01-04,1.14,1.14,1.09,1.1,6687.0
2011-01-05,1.09,1.09,1.09,1.09,484.0
2011-01-06,1.09,1.8,1.09,1.38,15090.0
2011-01-07,1.38,1.43,1.19,1.31,13765.0
2011-01-10,1.24,1.3,1.2,1.21,8150.0
2011-01-11,1.18,1.18,1.06,1.15,3610.0
2011-01-12,1.13,1.13,1.11,1.11,2780.0
2011-01-13,1.1,1.1,1.1,1.1,400.0
2011-01-14,1.11,1.22,1.11,1.18,1366.0
2011-01-18,1.11,1.2,1.11,1.13,6632.0
2011-01-19,1.12,1.14,1.12,1.14,1200.0
2011-01-20,1.21,1.21,1.14,1.14,6300.0
2011-01-21,1.16,1.21,1.11,1.11,1412.0
2011-01-24,1.11,1.11,1.11,1.11,605.0
2011-01-25,1.11,1.12,1.11,1.12,3265.0
2011-01-26,1.12,1.14,1.12,1.14,1700.0
2011-01-27,1.1,1.18,1.1,1.18,994.0
2011-01-28,1.16,1.17,1.16,1.17,1100.0
2011-01-31,1.17,1.17,1.17,1.17,800.0
2011-02-01,1.18,1.23,1.18,1.23,877.0
2011-02-02,1.25,1.33,1.25,1.3,10166.0
2011-02-03,1.31,1.31,1.3,1.3,361.0
2011-02-04,1.31,1.62,1.3,1.6,5012.0
2011-02-07,1.62,1.69,1.54,1.54,6037.0
2011-02-08,1.5,1.65,1.5,1.59,25193.0
2011-02-09,1.5,1.6,1.48,1.52,9442.0
2011-02-10,1.6,1.6,1.55,1.55,1495.0
2011-02-11,1.55,1.56,1.55,1.55,950.0
2011-02-14,1.49,1.49,1.28,1.33,8244.0
2011-02-15,1.3,1.32,1.3,1.32,2113.0
2011-02-16,1.4,1.48,1.4,1.48,700.0
2011-02-17,1.49,1.57,1.49,1.57,1100.0
2011-02-18,1.64,1.64,1.56,1.56,3400.0
2011-02-22,1.6,1.61,1.6,1.61,1070.0
2011-02-23,1.58,1.58,1.58,1.58,400.0
2011-02-24,1.6,1.6,1.51,1.52,1850.0
2011-02-25,1.5,1.57,1.5,1.57,2245.0
2011-02-28,1.6,1.6,1.4,1.42,3522.0
2011-03-01,1.4,1.44,1.39,1.39,5800.0
2011-03-02,1.37,1.39,1.37,1.39,2750.0
2011-03-03,1.4,1.46,1.4,1.46,300.0
2011-03-04,1.43,1.43,1.43,1.43,3000.0
2011-03-07,1.44,1.44,1.35,1.35,1700.0
2011-03-08,1.42,1.43,1.42,1.42,700.0
2011-03-10,1.35,1.4,1.35,1.4,200.0
2011-03-11,1.4,1.4,1.3,1.34,5600.0
2011-03-14,1.33,1.35,1.27,1.27,1250.0
2011-03-15,1.25,1.25,1.18,1.24,16464.0
2011-03-16,1.24,1.24,1.17,1.17,2150.0
2011-03-17,1.16,1.23,1.16,1.23,1474.0
2011-03-18,1.24,1.24,1.24,1.24,5272.0
2011-03-21,1.3,1.45,1.29,1.29,11600.0
2011-03-22,1.29,1.3,1.29,1.3,9900.0
2011-03-23,1.24,1.24,1.24,1.24,1400.0
2011-03-24,1.24,1.3,1.24,1.24,320.0
2011-03-25,1.23,1.23,1.23,1.23,100.0
2011-03-28,1.23,1.23,1.23,1.23,1359.0
2011-03-29,1.2,1.2,1.18,1.18,4000.0
2011-03-30,1.18,1.18,1.18,1.18,600.0
2011-03-31,1.15,1.15,1.15,1.15,725.0
2011-04-01,1.19,1.19,1.19,1.19,8541.0
2011-04-04,1.18,1.18,1.17,1.17,1200.0
2011-04-06,1.15,1.17,1.15,1.17,300.0
2011-04-07,1.15,1.15,1.15,1.15,5918.0
2011-04-08,1.1,1.1,1.1,1.1,2273.0
2011-04-11,1.11,1.15,1.11,1.15,300.0
2011-04-12,1.19,1.19,1.18,1.18,1855.0
2011-04-13,1.17,1.17,1.17,1.17,268.0
2011-04-14,1.15,1.15,1.1,1.1,200.0
2011-04-15,1.11,1.12,1.1,1.1,5600.0
2011-04-18,1.09,1.09,1.09,1.09,300.0
2011-04-19,1.08,1.11,1.08,1.11,2600.0
2011-04-20,1.21,1.21,1.09,1.1,3400.0
2011-04-21,1.08,1.17,1.08,1.1,3660.0
2011-04-25,1.08,1.16,1.07,1.07,5710.0
2011-04-26,1.1,1.1,1.1,1.1,750.0
2011-04-27,1.06,1.06,1.06,1.06,142.0
2011-04-28,1.07,1.08,1.07,1.08,300.0
2011-04-29,1.09,1.09,1.06,1.07,6858.0
2011-05-02,1.09,1.14,1.09,1.14,4300.0
2011-05-03,1.19,1.19,1.1,1.19,6325.0
2011-05-04,1.14,1.16,1.11,1.16,5245.0
2011-05-05,1.11,1.12,1.11,1.12,2100.0
2011-05-06,1.11,1.2,1.11,1.2,14067.0
2011-05-09,1.19,1.19,1.14,1.14,302.0
2011-05-10,1.15,1.15,1.0,1.02,12054.0
2011-05-11,1.07,1.07,1.07,1.07,700.0
2011-05-12,1.08,1.1,1.08,1.1,500.0
2011-05-13,1.08,1.1,1.07,1.1,2212.0
2011-05-16,1.09,1.1,1.09,1.1,1197.0
2011-05-17,1.08,1.08,1.08,1.08,102.0
2011-05-18,1.09,1.18,1.09,1.1,2007.0
2011-05-19,1.09,1.09,1.09,1.09,200.0
2011-05-20,1.08,1.13,1.08,1.13,19457.0
2011-05-23,1.13,1.13,1.08,1.08,5467.0
2011-05-24,1.09,1.18,1.09,1.18,10998.0
2011-05-25,1.15,1.17,1.15,1.17,384.0
2011-05-26,1.17,1.19,1.17,1.19,1300.0
2011-05-27,1.19,1.19,1.19,1.19,2308.0
2011-05-31,1.17,1.17,1.12,1.12,6125.0
2011-06-01,1.13,1.15,1.13,1.13,6752.0
2011-06-02,1.14,1.19,1.14,1.19,500.0
2011-06-03,1.2,1.3,1.2,1.3,4046.0
2011-06-06,1.3,1.33,1.25,1.25,1400.0
2011-06-07,1.27,1.27,1.27,1.27,100.0
2011-06-08,1.28,1.28,1.28,1.28,1000.0
2011-06-09,1.26,1.45,1.26,1.4,7842.0
2011-06-10,1.45,1.45,1.26,1.26,1570.0
2011-06-13,1.31,1.31,1.26,1.26,2385.0
2011-06-14,1.28,1.31,1.23,1.26,3563.0
2011-06-15,1.26,1.28,1.26,1.27,1500.0
2011-06-16,1.27,1.27,1.26,1.26,11300.0
2011-06-17,1.25,1.3,1.25,1.27,500.0
2011-06-20,1.23,1.28,1.23,1.23,3900.0
2011-06-21,1.23,1.4,1.23,1.32,2160.0
2011-06-22,1.3,1.3,1.3,1.3,100.0
2011-06-23,1.35,1.55,1.29,1.29,2900.0
2011-06-24,1.29,1.4,1.17,1.2,55186.0
2011-06-27,1.2,1.35,1.2,1.3,2217.0
2011-06-28,1.33,1.35,1.27,1.28,633.0
2011-06-29,1.33,1.33,1.33,1.33,200.0
2011-07-01,1.33,1.39,1.33,1.39,1000.0
2011-07-05,1.4,1.4,1.35,1.35,820.0
2011-07-06,1.33,1.35,1.33,1.35,600.0
2011-07-07,1.35,1.35,1.35,1.35,126.0
2011-07-08,1.35,1.36,1.35,1.36,330.0
2011-07-11,1.35,1.35,1.25,1.3,4762.0
2011-07-12,1.27,1.27,1.27,1.27,977.0
2011-07-13,1.32,1.33,1.32,1.33,600.0
2011-07-14,1.29,1.29,1.29,1.29,2770.0
2011-07-15,1.33,1.33,1.33,1.33,1700.0
2011-07-18,1.33,1.33,1.33,1.33,300.0
2011-07-19,1.33,1.33,1.22,1.26,560.0
2011-07-20,1.29,1.29,1.24,1.24,400.0
2011-07-21,1.22,1.29,1.22,1.29,700.0
2011-07-25,1.31,1.31,1.31,1.31,400.0
2011-07-26,1.26,1.26,1.21,1.26,1300.0
2011-07-27,1.29,1.29,1.27,1.27,300.0
2011-07-28,1.26,1.26,1.26,1.26,1240.0
2011-07-29,1.35,1.35,1.35,1.35,3400.0
2011-08-01,1.39,1.39,1.39,1.39,1300.0
2011-08-02,1.4,1.45,1.4,1.45,2800.0
2011-08-03,1.48,1.48,1.4,1.4,2800.0
2011-08-04,1.35,1.4,1.3,1.35,2020.0
2011-08-05,1.39,1.6,1.39,1.45,2728.0
2011-08-08,1.35,1.35,1.2,1.21,2226.0
2011-08-09,1.18,1.4,1.13,1.35,14071.0
2011-08-10,1.33,1.38,1.28,1.28,400.0
2011-08-11,1.3,1.44,1.3,1.33,1055.0
2011-08-12,1.3,1.3,1.3,1.3,1800.0
2011-08-15,1.26,1.26,1.26,1.26,133.0
2011-08-16,1.31,1.36,1.26,1.26,500.0
2011-08-18,1.26,1.26,1.26,1.26,2200.0
2011-08-19,1.22,1.22,0.96,1.08,38107.0
2011-08-22,1.1,1.18,1.1,1.1,1650.0
2011-08-23,1.11,1.11,1.11,1.11,900.0
2011-08-24,1.06,1.06,0.96,1.06,500.0
2011-08-25,1.08,1.08,1.02,1.04,2200.0
2011-08-26,1.04,1.05,1.04,1.05,800.0
2011-08-29,1.07,1.1,1.07,1.1,3500.0
2011-08-30,1.1,1.1,1.1,1.1,100.0
2011-08-31,1.15,1.2,1.15,1.15,300.0
2011-09-01,1.15,1.25,1.15,1.25,1218.0
2011-09-02,1.26,1.26,1.21,1.21,3200.0
2011-09-06,1.22,1.22,1.21,1.21,1344.0
2011-09-07,1.2,1.2,1.2,1.2,1000.0
2011-09-09,1.15,1.15,1.15,1.15,1000.0
2011-09-12,1.15,1.15,1.15,1.15,1534.0
2011-09-13,1.18,1.2,1.18,1.2,200.0
2011-09-15,1.18,1.18,1.14,1.14,500.0
2011-09-16,1.14,1.2,1.14,1.2,1103.0
2011-09-19,1.22,1.22,1.12,1.17,1300.0
2011-09-20,1.07,1.11,1.05,1.11,300.0
2011-09-21,1.15,1.25,1.15,1.25,800.0
2011-09-22,1.2,1.2,1.15,1.15,300.0
2011-09-23,1.2,1.2,1.15,1.15,700.0
2011-09-26,1.35,1.35,1.15,1.15,8100.0
2011-09-30,1.15,1.2,1.15,1.2,4027.0
2011-10-03,1.19,1.25,1.15,1.15,527.0
2011-10-04,1.1,1.13,1.05,1.13,1237.0
2011-10-05,1.09,1.09,1.09,1.09,300.0
2011-10-06,1.04,1.05,1.04,1.05,512.0
2011-10-07,1.04,1.09,1.04,1.09,200.0
2011-10-11,1.09,1.09,1.09,1.09,5000.0
2011-10-12,1.12,1.12,1.12,1.12,500.0
2011-10-13,1.1,1.1,1.1,1.1,200.0
2011-10-14,1.11,1.11,1.05,1.08,1600.0
2011-10-17,1.08,1.08,1.03,1.08,4500.0
2011-10-18,1.08,1.1,1.05,1.05,14499.0
2011-10-19,1.1,1.29,1.04,1.11,4415.0
2011-10-21,1.13,1.13,1.08,1.08,300.0
2011-10-24,1.03,1.13,1.03,1.13,600.0
2011-10-25,1.15,1.15,1.1,1.1,700.0
2011-10-26,1.1,1.1,1.05,1.05,2100.0
2011-10-27,1.1,1.1,1.1,1.1,3000.0
2011-10-28,1.13,1.2,1.13,1.2,300.0
2011-10-31,1.2,1.25,1.2,1.25,200.0
2011-11-01,1.11,1.27,1.06,1.24,6050.0
2011-11-02,1.21,1.31,1.06,1.22,3200.0
2011-11-03,1.17,1.17,1.12,1.12,2140.0
2011-11-04,1.11,1.13,1.03,1.13,1186.0
2011-11-08,1.09,1.09,1.09,1.09,1800.0
2011-11-09,1.08,1.14,1.08,1.14,1300.0
2011-11-10,1.15,1.15,1.1,1.1,300.0
2011-11-11,1.09,1.09,1.09,1.09,284.0
2011-11-14,1.04,1.09,1.04,1.09,1927.0
2011-11-15,1.04,1.08,1.04,1.08,400.0
2011-11-16,1.05,1.1,1.05,1.1,2511.0
2011-11-17,1.05,1.22,1.05,1.22,1520.0
2011-11-18,1.17,1.17,1.07,1.12,600.0
2011-11-21,1.09,1.09,1.09,1.09,250.0
2011-11-22,1.09,1.14,1.04,1.06,1000.0
2011-11-23,1.05,1.05,1.05,1.05,140.0
2011-11-28,1.03,1.05,0.83,1.05,4255.0
2011-11-29,1.05,1.05,1.05,1.05,100.0
2011-11-30,1.06,1.11,1.05,1.05,1073.0
2011-12-01,1.05,1.05,1.05,1.05,9294.0
2011-12-02,1.1,1.1,1.0,1.0,2566.0
2011-12-05,1.02,1.02,1.02,1.02,100.0
2011-12-06,1.04,1.04,1.04,1.04,100.0
2011-12-07,1.05,1.05,1.05,1.05,520.0
2011-12-08,1.09,1.09,1.09,1.09,100.0
2011-12-09,1.05,1.05,1.05,1.05,1012.0
2011-12-12,1.05,1.05,1.05,1.05,6300.0
2011-12-13,1.05,1.05,1.05,1.05,1300.0
2011-12-14,1.03,1.05,1.03,1.05,11900.0
2011-12-15,1.05,1.05,1.0,1.0,4100.0
2011-12-16,1.0,1.03,1.0,1.03,41300.0
2011-12-19,1.03,1.03,1.03,1.03,1000.0
2011-12-20,1.04,1.09,1.04,1.09,200.0
2011-12-21,1.09,1.09,1.09,1.09,1000.0
2011-12-22,1.05,1.1,1.05,1.1,300.0
2011-12-23,1.05,1.1,1.05,1.05,6127.0
2011-12-27,1.05,1.05,1.05,1.05,1800.0
2011-12-28,1.01,1.08,1.01,1.03,15800.0
2011-12-29,1.04,1.1,1.04,1.05,12900.0
2011-12-30,1.04,1.15,1.01,1.15,51355.0
2012-01-03,1.12,1.16,1.12,1.16,1350.0
2012-01-04,1.15,1.15,1.05,1.05,1350.0
2012-01-05,1.04,1.04,1.04,1.04,150.0
2012-01-06,1.06,1.09,1.06,1.09,2600.0
2012-01-09,1.09,1.09,1.09,1.09,300.0
2012-01-10,1.04,1.15,1.04,1.15,12236.0
2012-01-11,1.12,1.17,1.12,1.15,33500.0
2012-01-12,1.15,1.15,1.15,1.15,34400.0
2012-01-13,1.15,1.17,1.15,1.15,91869.0
2012-01-17,1.16,1.18,1.15,1.15,24150.0
2012-01-18,1.16,1.16,1.14,1.14,11500.0
2012-01-19,1.15,1.23,1.15,1.23,999.0
2012-01-20,1.2,1.2,1.2,1.2,4450.0
2012-01-23,1.19,1.19,1.15,1.18,18123.0
2012-01-24,1.15,1.32,1.15,1.3,999500.0
2012-01-25,1.3,1.46,1.3,1.45,31332.0
2012-01-26,1.46,1.46,1.44,1.44,5100.0
2012-01-27,1.43,1.43,1.38,1.38,700.0
2012-01-30,1.37,1.42,1.37,1.4,2020.0
2012-01-31,1.46,1.56,1.41,1.51,1645.0
2012-02-01,1.48,1.48,1.48,1.48,1200.0
2012-02-02,1.45,1.45,1.2,1.34,18200.0
2012-02-03,1.34,1.34,1.34,1.34,700.0
2012-02-06,1.3,1.33,1.28,1.28,1300.0
2012-02-07,1.29,1.34,1.29,1.29,1306.0
2012-02-08,1.3,1.34,1.3,1.34,300.0
2012-02-10,1.3,1.3,1.3,1.3,668.0
2012-02-13,1.35,1.35,1.35,1.35,4000.0
2012-02-14,1.39,1.39,1.29,1.34,1800.0
2012-02-15,1.35,1.35,1.35,1.35,200.0
2012-02-16,1.35,1.35,1.35,1.35,1500.0
2012-02-17,1.34,1.34,1.34,1.34,400.0
2012-02-21,1.36,1.41,1.31,1.31,2900.0
2012-02-22,1.31,1.31,1.31,1.31,284.0
2012-02-23,1.33,1.38,1.33,1.38,200.0
2012-02-24,1.35,1.36,1.35,1.36,1190.0
2012-02-27,1.31,1.31,1.31,1.31,240.0
2012-02-28,1.35,1.4,1.35,1.4,200.0
2012-02-29,1.36,1.36,1.36,1.36,293.0
2012-03-01,1.41,1.46,1.41,1.46,200.0
2012-03-02,1.5,1.55,1.5,1.5,700.0
2012-03-05,1.5,1.5,1.4,1.4,9725.0
2012-03-06,1.43,1.43,1.4,1.4,400.0
2012-03-07,1.42,1.42,1.42,1.42,100.0
2012-03-08,1.4,1.4,1.37,1.4,300.0
2012-03-09,1.38,1.38,1.38,1.38,200.0
2012-03-13,1.36,1.39,1.36,1.39,200.0
2012-03-15,1.4,1.4,1.4,1.4,300.0
2012-03-16,1.42,1.75,1.42,1.73,28850.0
2012-03-19,1.75,1.84,1.72,1.77,2660.0
2012-03-20,1.78,1.98,1.78,1.98,5500.0
2012-03-21,2.0,2.0,2.0,2.0,3450.0
2012-03-22,2.0,2.3,2.0,2.1,9980.0
2012-03-23,2.07,2.15,2.0,2.15,5100.0
2012-03-26,2.23,2.23,2.08,2.08,2095.0
2012-03-27,2.03,2.12,2.03,2.12,9022.0
2012-03-28,2.12,2.12,2.12,2.12,500.0
2012-03-29,2.11,2.11,2.08,2.09,1200.0
2012-03-30,2.1,2.13,2.1,2.13,1700.0
2012-04-02,2.15,2.18,2.15,2.18,400.0
2012-04-03,2.2,2.2,2.16,2.16,1100.0
2012-04-04,2.15,2.15,2.15,2.15,1360.0
2012-04-05,2.13,2.13,2.13,2.13,400.0
2012-04-09,2.13,2.13,2.13,2.13,1395.0
2012-04-10,2.12,2.15,2.06,2.06,1200.0
2012-04-11,2.08,2.08,2.08,2.08,100.0
2012-04-12,2.12,2.12,2.12,2.12,1500.0
2012-04-13,2.07,2.07,2.07,2.07,100.0
2012-04-16,2.08,2.08,2.07,2.07,1324.0
2012-04-17,2.07,2.07,2.07,2.07,850.0
2012-04-18,2.04,2.05,2.04,2.05,1300.0
2012-04-19,2.0,2.0,2.0,2.0,3340.0
2012-04-20,2.0,2.0,2.0,2.0,1200.0
2012-04-23,2.0,2.13,2.0,2.08,3200.0
2012-04-24,2.07,2.13,2.07,2.13,4971.0
2012-04-25,2.13,2.13,2.08,2.13,1400.0
2012-04-26,2.1,2.25,2.1,2.23,2200.0
2012-04-27,2.24,2.24,2.24,2.24,150.0
2012-04-30,2.29,2.39,2.27,2.39,2150.0
2012-05-01,2.39,2.39,2.39,2.39,100.0
2012-05-02,2.42,2.42,2.37,2.37,650.0
2012-05-03,2.5,2.5,2.32,2.32,7400.0
2012-05-04,2.3,2.3,2.1,2.2,7200.0
2012-05-07,2.15,2.15,2.0,2.09,2600.0
2012-05-08,2.08,2.1,2.05,2.08,2255.0
2012-05-09,2.09,2.15,2.09,2.15,700.0
2012-05-10,2.17,2.17,2.17,2.17,100.0
2012-05-11,2.17,2.22,2.17,2.22,225.0
2012-05-14,2.17,2.17,2.12,2.12,600.0
2012-05-15,2.07,2.07,2.07,2.07,100.0
2012-05-16,2.04,2.04,1.99,1.99,3900.0
2012-05-17,2.06,2.06,2.01,2.01,1100.0
2012-05-18,1.98,2.03,1.88,1.88,3900.0
2012-05-21,1.88,1.88,1.83,1.83,1400.0
2012-05-22,1.86,2.01,1.86,2.01,2500.0
2012-05-23,2.05,2.05,1.9,1.92,1670.0
2012-05-24,1.91,1.92,1.91,1.92,300.0
2012-05-29,1.96,2.02,1.92,2.02,2900.0
2012-05-30,2.01,2.01,2.01,2.01,5050.0
2012-05-31,1.97,2.0,1.97,2.0,443.0
2012-06-01,1.99,2.04,1.99,2.04,200.0
2012-06-04,2.0,2.05,2.0,2.02,750.0
2012-06-05,2.01,2.01,2.01,2.01,200.0
2012-06-06,2.0,2.0,2.0,2.0,900.0
2012-06-07,2.05,2.05,2.05,2.05,100.0
2012-06-08,2.02,2.02,2.02,2.02,355.0
2012-06-11,1.95,1.95,1.95,1.95,6993.0
2012-06-12,1.93,1.93,1.88,1.88,1500.0
2012-06-13,1.87,1.87,1.87,1.87,200.0
2012-06-14,1.82,1.82,1.62,1.81,2800.0
2012-06-15,1.84,1.9,1.84,1.9,1300.0
2012-06-18,1.91,1.91,1.81,1.86,400.0
2012-06-19,1.86,1.95,1.85,1.86,3070.0
2012-06-20,1.85,1.85,1.85,1.85,200.0
2012-06-21,1.82,1.82,1.82,1.82,100.0
2012-06-22,1.86,1.91,1.8,1.8,3966.0
2012-06-25,1.75,1.75,1.75,1.75,300.0
2012-06-26,1.71,1.71,1.71,1.71,200.0
2012-06-27,1.72,1.72,1.72,1.72,1100.0
2012-06-28,1.68,1.75,1.68,1.75,3500.0
2012-06-29,1.72,1.77,1.72,1.77,400.0
2012-07-02,1.77,1.77,1.77,1.77,300.0
2012-07-03,1.77,1.95,1.77,1.9,1250.0
2012-07-05,1.89,1.89,1.89,1.89,100.0
2012-07-09,1.84,1.89,1.79,1.89,400.0
2012-07-11,1.92,1.97,1.92,1.97,300.0
2012-07-12,2.02,2.02,2.02,2.02,100.0
2012-07-13,2.03,2.03,2.03,2.03,2400.0
2012-07-16,2.03,2.03,1.83,2.03,2800.0
2012-07-17,2.03,2.03,2.03,2.03,400.0
2012-07-18,1.99,2.04,1.99,2.04,672.0
2012-07-19,2.0,2.0,2.0,2.0,700.0
2012-07-20,1.94,1.99,1.94,1.99,1400.0
2012-07-23,1.94,1.95,1.83,1.95,600.0
2012-07-24,1.96,1.96,1.96,1.96,200.0
2012-07-25,2.0,2.0,2.0,2.0,600.0
2012-07-26,1.95,2.03,1.95,2.03,3400.0
2012-07-27,2.09,2.27,2.09,2.17,1640.0
2012-07-30,2.27,2.27,2.12,2.12,3900.0
2012-07-31,2.14,2.14,2.14,2.14,400.0
2012-08-01,2.1,2.1,2.1,2.1,2000.0
2012-08-02,2.15,2.15,2.15,2.15,100.0
2012-08-03,2.1,2.1,2.04,2.09,450.0
2012-08-07,2.15,2.15,2.15,2.15,2600.0
2012-08-08,2.22,2.22,2.22,2.22,1500.0
2012-08-09,2.16,2.17,2.16,2.16,400.0
2012-08-13,2.11,2.16,2.04,2.16,500.0
2012-08-15,2.2,2.2,2.15,2.15,2100.0
2012-08-16,2.2,2.2,2.15,2.15,1100.0
2012-08-21,2.22,2.47,2.22,2.42,4542.0
2012-08-22,2.37,2.37,2.37,2.37,450.0
2012-08-23,2.37,2.4,2.37,2.4,600.0
2012-08-24,2.4,2.4,2.4,2.4,490.0
2012-08-27,2.4,2.4,2.4,2.4,500.0
2012-08-28,2.35,2.4,2.35,2.4,1922.0
2012-08-29,2.35,2.4,2.35,2.4,200.0
2012-08-30,2.36,2.36,2.36,2.36,470.0
2012-08-31,2.4,2.4,2.4,2.4,300.0
2012-09-04,2.45,2.45,2.4,2.4,200.0
2012-09-05,2.44,2.44,2.39,2.39,592.0
2012-09-06,2.4,2.4,2.35,2.4,3200.0
2012-09-07,2.4,2.4,2.4,2.4,4500.0
2012-09-10,2.43,2.43,2.43,2.43,400.0
2012-09-12,2.38,2.38,2.38,2.38,100.0
2012-09-13,2.42,2.52,2.42,2.5,1000.0
2012-09-14,2.52,2.57,2.52,2.52,300.0
2012-09-17,2.53,2.74,2.48,2.69,1650.0
2012-09-18,2.74,2.74,2.64,2.64,1000.0
2012-09-19,2.68,2.68,2.68,2.68,100.0
2012-09-20,2.65,2.7,2.65,2.65,300.0
2012-09-21,2.69,2.69,2.64,2.65,2800.0
2012-09-24,2.64,2.64,2.63,2.63,1150.0
2012-09-25,2.66,2.81,2.66,2.75,15450.0
2012-09-26,2.8,2.88,2.79,2.88,500.0
2012-09-27,2.92,2.92,2.75,2.75,28360.0
2012-09-28,2.82,2.82,2.75,2.8,10488.0
2012-10-01,2.8,2.85,2.75,2.8,500.0
2012-10-02,2.69,2.69,2.69,2.69,3644.0
2012-10-03,2.68,2.68,2.63,2.63,700.0
2012-10-04,2.62,2.62,2.62,2.62,100.0
2012-10-05,2.62,2.62,2.62,2.62,200.0
2012-10-08,2.66,2.66,2.63,2.63,4901.0
2012-10-09,2.63,2.63,2.63,2.63,1200.0
2012-10-10,2.64,2.64,2.64,2.64,263.0
2012-10-11,2.67,2.67,2.67,2.67,300.0
2012-10-12,2.66,2.66,2.61,2.61,200.0
2012-10-16,2.61,2.7,2.61,2.7,3450.0
2012-10-17,2.7,2.7,2.7,2.7,3600.0
2012-10-18,2.7,2.7,2.7,2.7,142.0
2012-10-19,2.75,2.75,2.75,2.75,700.0
2012-10-22,2.77,2.77,2.75,2.75,4356.0
2012-10-24,2.74,2.74,2.74,2.74,200.0
2012-10-25,2.79,2.84,2.79,2.84,200.0
2012-10-26,2.92,2.92,2.78,2.83,2284.0
2012-10-31,2.78,2.79,2.58,2.79,1800.0
2012-11-05,2.77,2.77,2.77,2.77,220.0
2012-11-06,2.79,2.8,2.79,2.8,1229.0
2012-11-07,2.8,2.8,2.8,2.8,1900.0
2012-11-08,2.75,2.75,2.7,2.72,500.0
2012-11-09,2.7,2.7,2.6,2.6,1650.0
2012-11-12,2.59,2.59,2.44,2.49,1650.0
2012-11-13,2.53,2.53,2.53,2.53,300.0
2012-11-14,2.53,2.53,2.5,2.5,2807.0
2012-11-16,2.52,2.52,2.37,2.47,1100.0
2012-11-20,2.52,2.52,2.52,2.52,5000.0
2012-11-23,2.54,2.57,2.54,2.57,3200.0
2012-11-26,2.5,2.51,2.45,2.51,4500.0
2012-11-27,2.49,2.49,2.45,2.45,700.0
2012-11-28,2.45,2.45,2.3,2.45,1400.0
2012-12-03,2.46,2.46,2.46,2.46,2950.0
2012-12-04,2.47,2.47,2.47,2.47,300.0
2012-12-05,2.5,2.55,2.5,2.5,4300.0
2012-12-06,2.46,2.46,2.31,2.31,1132.0
2012-12-07,2.38,2.4,2.38,2.4,500.0
2012-12-10,2.4,2.4,2.4,2.4,1000.0
2012-12-11,2.26,2.6,2.26,2.6,12995.0
2012-12-12,2.62,2.65,2.62,2.65,600.0
2012-12-13,2.67,2.72,2.67,2.72,2900.0
2012-12-14,2.74,2.74,2.74,2.74,300.0
2012-12-17,2.7,2.74,2.49,2.74,1700.0
2012-12-18,2.69,2.69,2.68,2.68,300.0
2012-12-19,2.68,2.68,2.65,2.65,1741.0
2012-12-20,2.62,2.62,2.62,2.62,2000.0
2012-12-24,2.54,2.59,2.54,2.59,5059.0
2012-12-26,2.6,2.6,2.6,2.6,900.0
2012-12-27,2.56,2.61,2.51,2.61,2300.0
2012-12-28,2.6,2.6,2.55,2.6,742.0
2012-12-31,2.57,2.67,2.57,2.65,966.0
2013-01-02,2.7,2.8,2.65,2.65,1486.0
2013-01-03,2.7,2.75,2.7,2.75,700.0
2013-01-04,2.74,2.75,2.74,2.75,380.0
2013-01-07,2.7,2.8,2.7,2.8,600.0
2013-01-08,2.76,2.76,2.75,2.75,600.0
2013-01-09,2.74,2.79,2.7,2.79,1500.0
2013-01-10,2.74,2.76,2.54,2.75,3500.0
2013-01-11,2.73,2.8,2.73,2.8,4400.0
2013-01-14,2.82,2.82,2.8,2.8,1356.0
2013-01-15,2.85,2.85,2.84,2.84,2900.0
2013-01-16,2.82,2.9,2.82,2.89,2413.0
2013-01-17,2.86,2.86,2.86,2.86,100.0
2013-01-18,2.85,2.85,2.85,2.85,100.0
2013-01-22,2.9,2.9,2.81,2.81,2490.0
2013-01-23,2.8,2.85,2.79,2.82,1200.0
2013-01-24,2.84,2.91,2.84,2.9,1300.0
2013-01-25,2.95,2.95,2.9,2.9,1000.0
2013-01-28,2.93,2.93,2.9,2.9,600.0
2013-01-29,2.85,2.9,2.85,2.87,25900.0
2013-01-30,2.9,3.05,2.85,2.92,93278.0
2013-01-31,2.95,3.0,2.95,3.0,3900.0
2013-02-01,3.0,3.02,3.0,3.02,2950.0
2013-02-04,3.03,3.08,2.98,3.06,3100.0
2013-02-05,3.04,3.05,2.99,2.99,5306.0
2013-02-06,3.0,3.02,2.89,2.93,8204.0
2013-02-07,2.98,3.0,2.98,2.99,1618.0
2013-02-08,3.0,3.07,3.0,3.07,7335.0
2013-02-11,3.07,3.42,3.07,3.36,11398.0
2013-02-12,3.3,3.35,3.22,3.22,14874.0
2013-02-13,3.3,3.36,3.26,3.35,2649.0
2013-02-14,3.3,3.38,3.25,3.27,4881.0
2013-02-15,3.3,3.32,3.3,3.32,733.0
2013-02-19,3.31,3.4,3.3,3.39,3272.0
2013-02-20,3.4,3.42,3.39,3.39,6632.0
2013-02-21,3.34,3.34,3.29,3.29,400.0
2013-02-22,3.3,3.35,3.29,3.35,919.0
2013-02-25,3.33,3.36,3.33,3.36,4090.0
2013-02-26,3.32,3.37,3.32,3.37,1102.0
2013-02-27,3.37,3.37,3.37,3.37,2600.0
2013-02-28,3.38,3.38,3.33,3.36,897.0
2013-03-01,3.35,3.36,3.3,3.36,3640.0
2013-03-04,3.38,3.38,3.35,3.38,3200.0
2013-03-05,3.4,3.42,3.4,3.4,1960.0
2013-03-06,3.35,3.36,3.35,3.36,200.0
2013-03-07,3.33,3.36,3.33,3.36,1300.0
2013-03-08,3.31,3.32,3.31,3.31,3548.0
2013-03-11,3.3,3.35,3.3,3.35,741.0
2013-03-12,3.34,3.35,3.24,3.32,750.0
2013-03-13,3.31,3.33,3.3,3.3,5004.0
2013-03-14,3.38,3.39,3.32,3.35,2305.0
2013-03-15,3.3,3.305,3.26,3.26,29666.0
2013-03-18,3.21,3.3,3.21,3.25,3181.0
2013-03-19,3.25,3.29,3.25,3.29,5372.0
2013-03-20,3.23,3.28,3.23,3.28,681.0
2013-03-21,3.26,3.26,3.23,3.23,6955.0
2013-03-22,3.23,3.27,3.22,3.25,8897.0
2013-03-25,3.25,3.29,3.25,3.29,1060.0
2013-03-26,3.29,3.29,3.29,3.29,174.0
2013-03-27,3.26,3.26,3.25,3.26,800.0
2013-03-28,3.26,3.29,3.26,3.27,3200.0
2013-04-01,3.3,3.3,3.25,3.25,842.0
2013-04-02,3.26,3.26,3.24,3.24,476.0
2013-04-03,3.25,3.28,3.21,3.21,2284.0
2013-04-05,3.25,3.26,3.2,3.26,3079.0
2013-04-08,3.21,3.28,3.2,3.28,1433.0
2013-04-09,3.25,3.27,3.18,3.21,7138.0
2013-04-10,3.25,3.25,3.22,3.25,3542.0
2013-04-11,3.23,3.24,3.21,3.23,2400.0
2013-04-12,3.29,3.29,3.23,3.23,100.0
2013-04-15,3.24,3.24,3.21,3.21,
2013-04-16,3.2,3.25,3.2,3.21,4442.0
2013-04-17,3.24,3.26,3.21,3.21,978.0
2013-04-18,3.2,3.24,3.18,3.19,3888.0
2013-04-19,3.2,3.22,3.17,3.17,2290.0
2013-04-22,3.24,3.29,3.19,3.28,3086.0
2013-04-23,3.24,3.25,3.21,3.24,1538.0
2013-04-24,3.21,3.26,3.21,3.26,2973.0
2013-04-25,3.24,3.24,3.2,3.23,4532.0
2013-04-26,3.27,3.35,3.2,3.3,7394.0
2013-04-29,3.27,3.33,3.26,3.3,3872.0
2013-04-30,3.33,3.33,3.27,3.31,763.0
2013-05-01,3.27,3.27,3.22,3.25,3455.0
2013-05-02,3.22,3.22,3.15,3.16,14230.0
2013-05-03,3.17,3.2,3.14,3.14,8883.0
2013-05-06,3.16,3.19,3.16,3.17,13487.0
2013-05-07,3.11,3.18,3.11,3.17,10274.0
2013-05-08,3.13,3.18,3.13,3.18,1578.0
2013-05-09,3.2,3.21,3.12,3.21,11815.0
2013-05-10,3.23,3.24,3.21,3.21,7723.0
2013-05-13,3.24,3.24,3.21,3.21,1015.0
2013-05-14,3.22,3.22,3.22,3.22,6922.0
2013-05-15,3.24,3.24,3.22,3.22,1459.0
2013-05-16,3.19,3.23,3.19,3.21,4943.0
2013-05-17,3.19,3.23,3.19,3.22,4860.0
2013-05-20,3.24,3.25,3.24,3.25,6831.0
2013-05-21,3.23,3.23,3.22,3.22,339.0
2013-05-22,3.21,3.22,3.21,3.22,1428.0
2013-05-23,3.23,3.27,3.2,3.27,5856.0
2013-05-24,3.24,3.24,3.21,3.23,3926.0
2013-05-28,3.22,3.22,3.17,3.21,1974.0
2013-05-29,3.19,3.19,3.18,3.18,1438.0
2013-05-30,3.24,3.24,3.24,3.24,738.0
2013-05-31,3.26,3.26,3.21,3.24,1712.0
2013-06-03,3.18,3.24,3.18,3.24,521.0
2013-06-04,3.22,3.25,3.22,3.25,591.0
2013-06-05,3.21,3.21,3.19,3.19,800.0
2013-06-06,3.24,3.27,3.24,3.26,1203.0
2013-06-07,3.23,3.25,3.21,3.25,1664.0
2013-06-10,3.225,3.26,3.225,3.24,11094.0
2013-06-11,3.22,3.3,3.22,3.25,2669.0
2013-06-12,3.27,3.27,3.23,3.25,3413.0
2013-06-13,3.28,3.33,3.28,3.28,10543.0
2013-06-14,3.29,3.39,3.29,3.39,8212.0
2013-06-17,3.4,3.4,3.38,3.38,13806.0
2013-06-18,3.43,3.46,3.35,3.44,6187.0
2013-06-19,3.44,3.7,3.4,3.63,20523.0
2013-06-20,3.59,3.64,3.5,3.5,5504.0
2013-06-21,3.61,3.68,3.55,3.68,127785.0
2013-06-24,3.65,3.7,3.58,3.6,4901.0
2013-06-25,3.64,3.69,3.57,3.57,1446.0
2013-06-26,3.65,3.65,3.57,3.58,1434.0
2013-06-27,3.59,3.61,3.59,3.6,1164.0
2013-06-28,3.62,3.67,3.62,3.62,8652.0
2013-07-01,3.65,3.73,3.65,3.7,24634.0
2013-07-02,3.75,3.78,3.73,3.75,3090.0
2013-07-03,3.75,3.75,3.71,3.71,805.0
2013-07-05,3.76,3.85,3.67,3.85,1205.0
2013-07-08,3.88,3.88,3.84,3.84,4273.0
2013-07-09,3.82,3.82,3.735,3.8,3420.0
2013-07-10,3.83,3.84,3.74,3.84,1436.0
2013-07-11,3.82,3.84,3.79,3.8,661.0
2013-07-12,3.8,3.8,3.71,3.71,600.0
2013-07-15,3.74,3.74,3.71,3.71,682.0
2013-07-16,3.73,3.87,3.71,3.71,1688.0
2013-07-17,3.74,3.77,3.69,3.7,9760.0
2013-07-18,3.72,3.78,3.72,3.77,7059.0
2013-07-19,3.76,3.8,3.73,3.76,1810.0
2013-07-22,3.73,3.77,3.6,3.77,3004.0
2013-07-23,3.73,3.75,3.73,3.75,1506.0
2013-07-24,3.76,3.76,3.7,3.73,2482.0
2013-07-25,3.76,3.8,3.75,3.75,3350.0
2013-07-26,3.74,3.74,3.74,3.74,2617.0
2013-07-29,3.73,3.74,3.73,3.74,717.0
2013-07-30,3.76,3.85,3.56,3.82,5530.0
2013-07-31,3.83,3.86,3.78,3.86,4610.0
2013-08-01,3.87,3.87,3.81,3.81,8003.0
2013-08-02,3.83,3.83,3.78,3.78,2888.0
2013-08-05,3.8,3.8,3.75,3.8,3301.0
2013-08-06,3.8,3.8,3.72,3.72,1520.0
2013-08-07,3.75,3.75,3.7,3.7,956.0
2013-08-08,3.75,3.75,3.71,3.71,550.0
2013-08-09,3.75,3.75,3.66,3.67,1550.0
2013-08-12,3.65,3.65,3.6,3.63,2096.0
2013-08-13,3.65,3.67,3.65,3.65,2275.0
2013-08-14,3.63,3.68,3.6,3.68,4020.0
2013-08-15,3.61,3.63,3.61,3.63,651.0
2013-08-16,3.68,3.68,3.64,3.64,239.0
2013-08-19,3.72,3.72,3.63,3.63,
2013-08-20,3.69,3.73,3.53,3.7,4607.0
2013-08-21,3.69,3.69,3.64,3.64,2136.0
2013-08-23,3.59,3.69,3.58,3.65,6784.0
2013-08-26,3.65,3.65,3.63,3.64,9185.0
2013-08-27,3.6,3.63,3.6,3.63,3978.0
2013-08-28,3.65,3.65,3.51,3.63,4586.0
2013-08-29,3.6,3.64,3.51,3.64,4824.0
2013-08-30,3.62,3.65,3.6,3.65,1188.0
2013-09-03,3.69,3.69,3.69,3.69,345.0
2013-09-04,3.65,3.69,3.65,3.69,3087.0
2013-09-05,3.66,3.7,3.66,3.69,2395.0
2013-09-06,3.64,3.69,3.64,3.65,1285.0
2013-09-09,3.66,3.66,3.61,3.61,2482.0
2013-09-10,3.62,3.63,3.61,3.61,3648.0
2013-09-11,3.62,3.62,3.61,3.61,3177.0
2013-09-12,3.6,3.63,3.6,3.63,1966.0
2013-09-13,3.61,3.61,3.58,3.58,6872.0
2013-09-16,3.59,3.59,3.56,3.56,3819.0
2013-09-17,3.57,3.67,3.57,3.67,13055.0
2013-09-18,3.65,3.66,3.64,3.64,1800.0
2013-09-19,3.55,3.57,3.51,3.55,3595.0
2013-09-20,3.51,3.63,3.51,3.63,4747.0
2013-09-23,3.62,3.63,3.5,3.63,5347.0
2013-09-24,3.64,3.64,3.54,3.54,3014.0
2013-09-25,3.51,3.53,3.5,3.52,918.0
2013-09-26,3.56,3.58,3.5,3.58,5690.0
2013-09-27,3.58,3.64,3.52,3.62,4378.0
2013-09-30,3.6,3.69,3.6,3.68,4581.0
2013-10-01,3.69,3.69,3.6,3.62,2642.0
2013-10-02,3.62,3.62,3.58,3.6,1412.0
2013-10-03,3.55,3.58,3.55,3.58,1211.0
2013-10-04,3.58,3.58,3.57,3.57,714.0
2013-10-07,3.54,3.57,3.52,3.56,1615.0
2013-10-08,3.55,3.64,3.55,3.62,400.0
2013-10-09,3.68,3.68,3.66,3.66,1400.0
2013-10-10,3.66,3.7,3.66,3.69,2300.0
2013-10-11,3.68,3.7,3.68,3.7,571.0
2013-10-14,3.68,3.7,3.62,3.7,5616.0
2013-10-15,3.7,3.7,3.68,3.68,1766.0
2013-10-16,3.69,3.75,3.64,3.71,5816.0
2013-10-17,3.75,3.75,3.59,3.74,2100.0
2013-10-18,3.73,3.75,3.73,3.75,817.0
2013-10-21,3.67,3.75,3.67,3.74,5323.0
2013-10-22,3.75,3.77,3.75,3.77,1200.0
2013-10-23,3.77,3.77,3.09,3.76,1254.0
2013-10-24,3.76,3.76,3.76,3.76,300.0
2013-10-25,3.73,3.78,3.72,3.78,2454.0
2013-10-28,3.74,3.76,3.74,3.76,400.0
2013-10-29,3.74,3.75,3.74,3.75,100.0
2013-10-30,3.74,3.74,3.73,3.73,100.0
2013-10-31,3.72,3.73,3.72,3.73,300.0
2013-11-01,3.62,3.72,3.5,3.72,1600.0
2013-11-04,3.7,3.7,3.63,3.63,706.0
2013-11-05,3.64,3.64,3.62,3.64,1067.0
2013-11-06,3.65,3.65,3.63,3.63,300.0
2013-11-07,3.65,3.71,3.65,3.71,1800.0
2013-11-08,3.68,3.72,3.68,3.72,300.0
2013-11-11,3.7,3.7,3.7,3.7,
2013-11-12,3.67,3.67,3.67,3.67,
2013-11-13,3.68,3.68,3.64,3.66,2117.0
2013-11-14,3.68,3.68,3.65,3.65,117.0
2013-11-15,3.68,3.68,3.66,3.66,135.0
2013-11-18,3.68,3.68,3.64,3.64,236.0
2013-11-19,3.65,3.65,3.65,3.65,235.0
2013-11-20,3.61,3.65,3.59,3.65,8737.0
2013-11-21,3.6,3.65,3.6,3.62,3605.0
2013-11-22,3.62,3.72,3.62,3.72,4912.0
2013-11-25,3.68,3.68,3.68,3.68,220.0
2013-11-26,3.7,3.7,3.67,3.68,713.0
2013-11-27,3.65,3.68,3.65,3.68,5526.0
2013-11-29,3.7,3.71,3.7,3.7,3827.0
2013-12-02,3.7,3.83,3.7,3.76,13597.0
2013-12-03,3.72,3.74,3.72,3.74,2036.0
2013-12-04,3.77,3.77,3.71,3.71,357.0
2013-12-05,3.81,3.81,3.73,3.77,4553.0
2013-12-06,3.78,3.78,3.69,3.69,253.0
2013-12-09,3.73,3.75,3.73,3.75,746.0
2013-12-10,3.78,3.78,3.75,3.75,350.0
2013-12-11,3.79,3.79,3.74,3.74,529.0
2013-12-12,3.73,3.73,3.72,3.72,1414.0
2013-12-13,3.71,3.73,3.71,3.73,841.0
2013-12-16,3.75,3.75,3.71,3.75,1110.0
2013-12-17,3.73,3.73,3.7,3.73,1496.0
2013-12-18,3.71,3.73,3.71,3.73,499.0
2013-12-19,3.71,3.74,3.71,3.74,238.0
2013-12-20,3.74,3.74,3.7,3.7,1236.0
2013-12-23,3.68,3.72,3.68,3.72,767.0
2013-12-24,3.71,3.71,3.71,3.71,1770.0
2013-12-26,3.72,3.74,3.72,3.74,5213.0
2013-12-27,3.74,3.79,3.71,3.79,2735.0
2013-12-30,3.79,3.79,3.68,3.75,757.0
2013-12-31,3.72,3.77,3.72,3.76,665.0
2014-01-02,3.75,3.77,3.75,3.77,10084.0
2014-01-03,3.75,3.75,3.75,3.75,1.0
2014-01-06,3.78,3.82,3.78,3.8,5975.0
2014-01-07,3.8,3.8,3.77,3.78,3486.0
2014-01-08,3.75,3.75,3.75,3.75,600.0
2014-01-09,3.8,3.82,3.8,3.82,12049.0
2014-01-10,3.8,3.82,3.8,3.82,2100.0
2014-01-13,3.79,3.79,3.79,3.79,121.0
2014-01-15,3.82,3.83,3.81,3.82,11013.0
2014-01-16,3.84,3.84,3.825,3.825,300.0
2014-01-17,3.81,3.81,3.8,3.8,1400.0
2014-01-21,3.79,3.84,3.79,3.81,8486.0
2014-01-22,3.85,3.85,3.85,3.85,16320.0
2014-01-23,3.82,3.94,3.82,3.93,4053.0
2014-01-24,3.86,3.91,3.86,3.91,7703.0
2014-01-27,3.97,4.04,3.97,4.04,2900.0
2014-01-28,4.04,4.05,3.95,4.05,1103.0
2014-01-29,4.05,4.05,4.0,4.0,1348.0
2014-01-30,4.0,4.07,3.98,3.98,4900.0
2014-01-31,3.99,3.99,3.95,3.98,1247.0
2014-02-03,3.995,4.0,3.995,4.0,1610.0
2014-02-04,4.05,4.05,4.01,4.04,2200.0
2014-02-05,3.98,4.02,3.98,4.02,274.0
2014-02-06,4.05,4.05,3.99,3.99,2802.0
2014-02-07,3.95,3.96,3.9,3.96,4598.0
2014-02-10,4.0,4.0,3.9,4.0,2700.0
2014-02-11,4.0,4.01,3.98,3.98,2070.0
2014-02-12,3.96,3.97,3.95,3.96,4800.0
2014-02-13,3.94,3.98,3.92,3.98,2500.0
2014-02-14,3.96,3.98,3.95,3.98,1416.0
2014-02-18,4.0,4.04,4.0,4.04,700.0
2014-02-19,4.02,4.04,4.02,4.04,415.0
2014-02-20,4.02,4.02,3.97,4.0,4160.0
2014-02-21,3.98,3.99,3.98,3.99,360.0
2014-02-24,4.01,4.03,4.01,4.03,373.0
2014-02-25,3.99,4.0,3.9,4.0,4400.0
2014-02-26,4.0,4.0,3.99,4.0,1900.0
2014-02-27,4.0,4.0,4.0,4.0,4915.0
2014-02-28,4.01,4.02,4.0,4.02,5778.0
2014-03-03,4.0,4.0,3.93,3.96,4150.0
2014-03-04,3.97,3.98,3.97,3.98,1700.0
2014-03-05,3.98,3.98,3.97,3.97,500.0
2014-03-06,3.96,4.0,3.96,4.0,5800.0
2014-03-07,4.07,4.07,4.01,4.01,5488.0
2014-03-10,4.0,4.0,4.0,4.0,3100.0
2014-03-11,3.99,3.99,3.99,3.99,1.0
2014-03-12,3.98,3.98,3.98,3.98,1502.0
2014-03-13,4.0,4.0,4.0,4.0,7.0
2014-03-14,4.04,4.04,4.04,4.04,900.0
2014-03-17,4.0,4.0,3.98,3.98,5075.0
2014-03-18,4.0,4.03,4.0,4.03,27.0
2014-03-19,4.03,4.03,3.99,4.01,350.0
2014-03-20,4.01,4.01,4.01,4.01,475.0
2014-03-21,4.01,4.02,3.99,4.02,2948.0
2014-03-24,4.0,4.02,4.0,4.0,11517.0
2014-03-25,4.04,4.04,4.04,4.04,407.0
2014-03-26,4.04,4.04,4.04,4.04,1100.0
2014-03-27,4.05,4.05,4.04,4.04,1010.0
2014-03-28,4.0,4.02,4.0,4.02,1500.0
2014-04-01,4.07,4.1,4.07,4.08,1676.0
2014-04-02,4.07,4.07,4.07,4.07,10.0
2014-04-03,4.0,4.0,4.0,4.0,1.0
2014-04-04,4.0,4.08,4.0,4.08,6301.0
2014-04-07,4.05,4.06,4.05,4.05,1000.0
2014-04-08,4.05,4.06,4.04,4.04,3400.0
2014-04-09,4.09,4.09,4.09,4.09,5.0
2014-04-10,3.9,4.09,3.9,4.09,2803.0
2014-04-11,4.01,4.05,4.01,4.05,474.0
2014-04-14,4.07,4.07,4.07,4.07,100.0
2014-04-16,4.09,4.09,4.09,4.09,1.0
2014-04-17,4.07,4.07,4.03,4.03,8839.0
2014-04-21,4.06,4.09,4.04,4.09,3000.0
2014-04-23,4.08,4.08,4.08,4.08,200.0
2014-04-24,4.1,4.1,4.1,4.1,3000.0
2014-04-25,4.1,4.24,4.1,4.24,2317.0
2014-04-28,4.25,4.3,4.25,4.3,1300.0
2014-04-29,4.28,4.28,4.13,4.15,11643.0
2014-04-30,4.24,4.24,4.12,4.12,144.0
2014-05-01,4.17,4.17,4.1,4.13,44700.0
2014-05-02,4.1,4.11,4.08,4.1,19032.0
2014-05-05,4.09,4.1,4.07,4.08,3410.0
2014-05-06,4.1,4.1,4.1,4.1,4977.0
2014-05-07,4.09,4.11,4.09,4.09,7148.0
2014-05-08,4.06,4.27,4.06,4.1,6356.0
2014-05-09,4.15,4.15,4.15,4.15,100.0
2014-05-12,4.1,4.11,4.0,4.11,3334.0
2014-05-13,4.14,4.15,4.14,4.15,1748.0
2014-05-14,4.14,4.14,4.14,4.14,100.0
2014-05-16,4.06,4.1,4.05,4.08,900.0
2014-05-19,4.08,4.08,4.05,4.05,2215.0
2014-05-20,4.07,4.07,4.06,4.07,3072.0
2014-05-21,4.11,4.11,4.11,4.11,1300.0
2014-05-22,4.15,4.15,4.15,4.15,200.0
2014-05-23,4.13,4.24,4.13,4.24,1400.0
2014-05-27,4.22,4.22,4.15,4.19,5400.0
2014-05-28,4.15,4.28,4.14,4.15,10450.0
2014-05-29,4.22,4.22,4.2,4.2,200.0
2014-05-30,4.2,4.2,4.15,4.16,3300.0
2014-06-02,3.99,4.16,3.99,4.16,990.0
2014-06-03,4.13,4.16,4.09,4.16,1268.0
2014-06-04,4.14,4.17,4.14,4.17,500.0
2014-06-06,4.15,4.15,4.09,4.12,7795.0
2014-06-09,4.08,4.12,4.05,4.07,6026.0
2014-06-10,4.09,4.09,4.04,4.04,9968.0
2014-06-11,4.13,4.13,4.02,4.02,12593.0
2014-06-12,4.03,4.03,3.94,3.95,22098.0
2014-06-13,3.98,3.99,3.9,3.9,17251.0
2014-06-16,3.9,3.92,3.85,3.9,27710.0
2014-06-17,3.87,3.97,3.87,3.97,2829.0
2014-06-18,3.95,3.97,3.9,3.9,2958.0
2014-06-19,3.93,4.03,3.93,4.0,11430.0
2014-06-20,4.05,4.05,3.99,4.0,226206.0
2014-06-23,4.03,4.06,3.99,4.0,9309.0
2014-06-24,3.99,4.02,3.96,4.01,16000.0
2014-06-25,4.04,4.25,4.04,4.25,12614.0
2014-06-26,4.2,4.2,4.2,4.2,9200.0
2014-06-27,4.16,4.54,4.16,4.54,59703.0
2014-06-30,4.5,4.5,4.38,4.38,11455.0
2014-07-01,4.4,4.44,4.36,4.36,12281.0
2014-07-02,4.38,4.45,4.38,4.42,9819.0
2014-07-03,4.44,4.44,4.21,4.29,18271.0
2014-07-07,4.29,4.3,4.28,4.3,2264.0
2014-07-08,4.3,4.3,4.21,4.24,3547.0
2014-07-09,4.27,4.27,4.2,4.2,2644.0
2014-07-10,4.19,4.2,4.18,4.2,2854.0
2014-07-11,4.2,4.26,4.19,4.25,6577.0
2014-07-14,4.25,4.27,4.25,4.27,1261.0
2014-07-15,4.25,4.26,4.24,4.26,1232.0
2014-07-16,4.3,4.3,4.27,4.285,400.0
2014-07-17,4.3,4.34,4.27,4.3,1153.0
2014-07-18,4.3,4.31,4.29,4.31,700.0
2014-07-21,4.31,4.31,4.29,4.3,2593.0
2014-07-22,4.39,4.4,4.27,4.31,2445.0
2014-07-23,4.31,4.34,4.26,4.26,450.0
2014-07-24,4.32,4.37,4.29,4.37,314.0
2014-07-25,4.36,4.4,4.35,4.38,6765.0
2014-07-28,4.37,4.49,4.36,4.49,2303.0
2014-07-29,4.43,4.45,4.36,4.38,4840.0
2014-07-30,4.37,4.39,4.36,4.38,700.0
2014-07-31,4.35,4.35,4.25,4.34,6401.0
2014-08-01,4.37,4.37,4.28,4.29,5799.0
2014-08-04,4.32,4.32,4.26,4.29,1000.0
2014-08-05,4.29,4.29,4.16,4.29,400.0
2014-08-06,4.28,4.3,4.25,4.25,400.0
2014-08-07,4.24,4.31,4.19,4.22,5543.0
2014-08-08,4.28,4.32,4.27,4.32,851.0
2014-08-11,4.34,4.36,4.34,4.36,945.0
2014-08-12,4.33,4.33,4.32,4.32,5013.0
2014-08-13,4.35,4.35,4.33,4.33,114.0
2014-08-14,4.32,4.4,4.32,4.33,8016.0
2014-08-15,4.37,4.38,4.37,4.37,594.0
2014-08-18,4.35,4.37,4.35,4.35,205.0
2014-08-19,4.35,4.35,4.35,4.35,427.0
2014-08-20,4.41,4.41,4.39,4.39,350.0
2014-08-25,4.37,4.41,4.35,4.41,950.0
2014-08-26,4.43,4.43,4.43,4.43,110.0
2014-08-27,4.37,4.39,4.36,4.39,1845.0
2014-08-28,4.38,4.38,4.36,4.37,1800.0
2014-09-02,4.37,4.38,4.37,4.38,1503.0
2014-09-03,4.38,4.38,4.38,4.38,3900.0
2014-09-04,4.49,4.49,4.38,4.42,1376.0
2014-09-05,4.43,4.43,4.43,4.43,508.0
2014-09-08,4.43,4.43,4.38,4.41,3253.0
2014-09-09,4.39,4.44,4.39,4.41,17741.0
2014-09-10,4.38,4.45,4.36,4.4,13626.0
2014-09-11,4.4,4.41,4.4,4.41,3129.0
2014-09-12,4.4,4.4,4.36,4.4,152.0
2014-09-15,4.41,4.41,4.4,4.4,195.0
2014-09-16,4.4,4.42,4.4,4.42,338.0
2014-09-17,4.41,4.41,4.41,4.41,31.0
2014-09-18,4.41,4.42,4.35,4.42,1699.0
2014-09-19,4.42,4.46,4.42,4.46,2112.0
2014-09-22,4.39,4.39,4.39,4.39,30.0
2014-09-23,4.38,4.39,4.38,4.39,339.0
2014-09-24,4.41,4.41,4.39,4.39,132.0
2014-09-25,4.37,4.4,4.37,4.4,3500.0
2014-09-26,4.37,4.4,4.37,4.39,2522.0
2014-09-29,4.34,4.41,4.34,4.4,650.0
2014-09-30,4.39,4.4,4.37,4.37,1700.0
2014-10-01,4.38,4.42,4.38,4.39,956.0
2014-10-03,4.39,4.39,4.39,4.39,333.0
2014-10-06,4.41,4.41,4.4,4.4,173.0
2014-10-07,4.37,4.37,4.37,4.37,1000.0
2014-10-08,4.36,4.38,4.36,4.38,443.0
2014-10-09,4.38,4.38,4.35,4.35,338.0
2014-10-10,4.35,4.42,4.35,4.37,1541.0
2014-10-13,4.38,4.39,4.37,4.37,3099.0
2014-10-14,4.37,4.38,4.35,4.35,1311.0
2014-10-15,4.35,4.35,4.32,4.34,6718.0
2014-10-16,4.37,4.37,4.35,4.35,200.0
2014-10-17,4.4,4.4,4.31,4.4,2951.0
2014-10-20,4.36,4.4,4.36,4.4,15.0
2014-10-21,4.39,4.42,4.39,4.42,111.0
2014-10-22,4.4,4.4,4.39,4.39,150.0
2014-10-23,4.4,4.4,4.38,4.38,332.0
2014-10-24,4.36,4.37,4.35,4.35,634.0
2014-10-27,4.35,4.35,4.35,4.35,482.0
2014-10-28,4.4,4.4,4.35,4.35,61.0
2014-10-29,4.39,4.4,4.37,4.37,329.0
2014-10-30,4.4,4.4,4.4,4.4,3230.0
2014-10-31,4.4,4.41,4.38,4.4,1241.0
2014-11-03,4.39,4.39,4.32,4.39,3588.0
2014-11-04,4.4,4.4,4.38,4.39,3980.0
2014-11-05,4.4,4.4,4.38,4.38,542.0
2014-11-06,4.39,4.42,4.39,4.42,500.0
2014-11-07,4.38,4.41,4.37,4.41,4277.0
2014-11-10,4.39,4.43,4.39,4.43,144.0
2014-11-11,4.43,4.43,4.43,4.43,665.0
2014-11-12,4.38,4.45,4.38,4.4,2890.0
2014-11-13,4.43,4.43,4.43,4.43,304.0
2014-11-14,4.42,4.42,4.42,4.42,400.0
2014-11-17,4.44,4.44,4.4,4.41,504.0
2014-11-18,4.46,4.48,4.45,4.46,5533.0
2014-11-19,4.46,4.46,4.44,4.44,308.0
2014-11-20,4.4,4.42,4.4,4.42,8150.0
2014-11-21,4.43,4.43,4.4,4.4,200.0
2014-11-25,4.41,4.47,4.41,4.47,307.0
2014-11-26,4.45,4.455,4.435,4.44,1978.0
2014-12-01,4.47,4.48,4.42,4.48,8966.0
2014-12-02,4.45,4.46,4.45,4.45,13899.0
2014-12-03,4.5,4.5,4.42,4.42,1756.0
2014-12-04,4.42,4.45,4.4,4.41,1058.0
2014-12-05,4.39,4.44,4.37,4.44,922.0
2014-12-08,4.42,4.42,4.4,4.4,406.0
2014-12-09,4.43,4.43,4.43,4.43,471.0
2014-12-10,4.45,4.45,4.45,4.45,200.0
2014-12-11,4.42,4.42,4.39,4.4,1800.0
2014-12-12,4.41,4.44,4.41,4.44,300.0
2014-12-15,4.54,4.54,4.4,4.42,3108.0
2014-12-16,4.45,4.46,4.42,4.42,3606.0
2014-12-17,4.37,4.44,4.37,4.44,4516.0
2014-12-18,4.45,4.46,4.43,4.46,862.0
2014-12-19,4.45,4.45,4.42,4.43,965.0
2014-12-22,4.47,4.47,4.43,4.43,713.0
2014-12-23,4.48,4.48,4.35,4.36,48502.0
2014-12-24,4.4,4.41,4.35,4.39,2367.0
2014-12-26,4.42,4.42,4.35,4.35,475.0
2014-12-29,4.4,4.4,4.35,4.38,11102.0
2014-12-30,4.385,4.385,4.35,4.38,5341.0
2014-12-31,4.4,4.42,4.39,4.42,4219.0
2015-01-02,4.43,4.43,4.41,4.41,200.0
2015-01-05,4.43,4.43,4.4,4.4,425.0
2015-01-06,4.43,4.44,4.38,4.41,1656.0
2015-01-07,4.38,4.42,4.36,4.4,4059.0
2015-01-08,4.39,4.44,4.37,4.38,1598.0
2015-01-09,4.41,4.41,4.39,4.39,400.0
2015-01-12,4.41,4.41,4.37,4.37,2728.0
2015-01-13,4.37,4.4,4.34,4.35,21147.0
2015-01-14,4.35,4.38,4.33,4.35,5877.0
2015-01-15,4.35,4.37,4.32,4.32,4460.0
2015-01-16,4.33,4.4,4.33,4.37,2685.0
2015-01-20,4.33,4.41,4.33,4.38,12506.0
2015-01-21,4.41,4.41,4.36,4.38,2909.0
2015-01-22,4.35,4.4,4.35,4.39,5362.0
2015-01-23,4.39,4.43,4.38,4.4,2385.0
2015-01-26,4.4,4.4,4.35,4.35,5942.0
2015-01-27,4.38,4.4,4.35,4.38,1831.0
2015-01-28,4.4,4.4,4.33,4.37,7485.0
2015-01-29,4.38,4.38,4.33,4.33,5747.0
2015-01-30,4.35,4.4,4.32,4.36,11396.0
2015-02-02,4.42,4.42,4.38,4.38,785.0
2015-02-03,4.35,4.4,4.33,4.37,21682.0
2015-02-04,4.37,4.39,4.35,4.36,2746.0
2015-02-05,4.43,4.43,4.35,4.39,1900.0
2015-02-06,4.38,4.4,4.38,4.38,1350.0
2015-02-09,4.4,4.4,4.37,4.38,496.0
2015-02-10,4.4,4.4,4.36,4.36,400.0
2015-02-11,4.35,4.4,4.35,4.36,1350.0
2015-02-12,4.4,4.4,4.36,4.38,1584.0
2015-02-13,4.4,4.4,4.36,4.38,4220.0
2015-02-17,4.38,4.38,4.38,4.38,200.0
2015-02-18,4.38,4.4,4.38,4.38,5191.0
2015-02-19,4.41,4.44,4.36,4.36,2400.0
2015-02-20,4.46,4.52,4.45,4.46,3413.0
2015-02-23,4.47,4.47,4.42,4.42,503.0
2015-02-24,4.44,4.44,4.42,4.42,281.0
2015-02-25,4.37,4.42,4.37,4.39,6265.0
2015-02-26,4.34,4.38,4.34,4.36,2141.0
2015-02-27,4.3,4.39,4.3,4.39,4504.0
2015-03-02,4.405,4.405,4.32,4.37,6100.0
2015-03-03,4.42,4.42,4.355,4.38,3013.0
2015-03-04,4.38,4.39,4.38,4.39,301.0
2015-03-05,4.39,4.39,4.37,4.37,1285.0
2015-03-06,4.39,4.39,4.36,4.37,4367.0
2015-03-09,4.39,4.39,4.36,4.36,1000.0
2015-03-10,4.39,4.39,4.37,4.38,6545.0
2015-03-11,4.36,4.39,4.36,4.37,8917.0
2015-03-12,4.39,4.4,4.36,4.39,15134.0
2015-03-13,4.49,4.49,4.39,4.48,16150.0
2015-03-16,4.49,4.49,4.45,4.46,401.0
2015-03-17,4.48,4.48,4.44,4.44,204.0
2015-03-18,4.12,4.45,4.12,4.39,42639.0
2015-03-19,4.41,4.45,4.4,4.42,8191.0
2015-03-20,4.45,4.45,4.35,4.36,24224.0
2015-03-23,4.44,4.44,4.36,4.37,2710.0
2015-03-24,4.42,4.42,4.34,4.37,19719.0
2015-03-25,4.44,4.44,4.38,4.39,900.0
2015-03-26,4.38,4.4,4.38,4.4,1100.0
2015-03-27,4.38,4.38,4.38,4.38,600.0
2015-03-30,4.41,4.43,4.39,4.43,1749.0
2015-03-31,4.37,4.39,4.37,4.37,1647.0
2015-04-01,4.37,4.37,4.33,4.37,4345.0
2015-04-02,4.37,4.39,4.35,4.37,836.0
2015-04-06,4.34,4.38,4.34,4.35,2738.0
2015-04-07,4.38,4.39,4.38,4.39,2045.0
2015-04-08,4.4,4.4,4.37,4.39,836.0
2015-04-09,4.38,4.39,4.37,4.38,11789.0
2015-04-10,4.42,4.42,4.39,4.4,900.0
2015-04-13,4.4,4.4,4.4,4.4,4925.0
2015-04-14,4.44,4.44,4.4,4.42,3445.0
2015-04-15,4.4,4.47,4.4,4.445,11302.0
2015-04-16,4.45,4.45,4.43,4.45,2322.0
2015-04-17,4.46,4.46,4.44,4.44,1301.0
2015-04-20,4.47,4.48,4.45,4.48,1777.0
2015-04-21,4.47,4.48,4.46,4.48,1045.0
2015-04-22,4.49,4.49,4.47,4.48,800.0
2015-04-23,4.49,4.49,4.46,4.48,1643.0
2015-04-24,4.35,4.49,4.35,4.47,22718.0
2015-04-27,4.48,4.48,4.44,4.44,2500.0
2015-04-28,4.44,4.465,4.41,4.455,5780.0
2015-04-29,4.45,4.49,4.43,4.48,4310.0
2015-04-30,4.48,4.48,4.46,4.46,950.0
2015-05-01,4.43,4.47,4.43,4.47,2700.0
2015-05-04,4.46,4.47,4.41,4.44,1700.0
2015-05-05,4.45,4.45,4.42,4.42,376.0
2015-05-06,4.37,4.45,4.37,4.45,1184.0
2015-05-07,4.45,4.45,4.4,4.45,1528.0
2015-05-08,4.43,4.45,4.41,4.44,1602.0
2015-05-11,4.45,4.45,4.43,4.44,462.0
2015-05-12,4.44,4.45,4.38,4.42,2748.0
2015-05-13,4.44,4.44,4.38,4.4,1907.0
2015-05-14,4.45,4.47,4.42,4.42,10556.0
2015-05-15,4.42,4.43,4.4,4.43,600.0
2015-05-18,4.43,4.45,4.4,4.44,585.0
2015-05-19,4.4,4.42,4.35,4.35,6372.0
2015-05-20,4.3,4.43,4.3,4.42,1302.0
2015-05-21,4.42,4.49,4.42,4.44,346.0
2015-05-22,4.44,4.44,4.4,4.42,12238.0
2015-05-26,4.45,4.45,4.45,4.45,100.0
2015-05-27,4.44,4.53,4.37,4.37,9797.0
2015-05-28,4.37,4.47,4.36,4.36,25961.0
2015-05-29,4.38,4.42,4.35,4.38,11842.0
2015-06-01,4.36,4.42,4.36,4.37,502.0
2015-06-02,4.4,4.4,4.37,4.37,101.0
2015-06-03,4.44,4.45,4.4,4.45,5000.0
2015-06-04,4.43,4.43,4.4,4.4,3068.0
2015-06-05,4.4,4.45,4.4,4.42,9918.0
2015-06-08,4.42,4.42,4.4,4.42,19098.0
2015-06-09,4.38,4.45,4.38,4.45,1120.0
2015-06-10,4.46,4.46,4.42,4.46,11367.0
2015-06-11,4.47,4.48,4.45,4.45,2100.0
2015-06-12,4.4,4.48,4.4,4.47,2300.0
2015-06-15,4.47,4.85,4.47,4.81,24797.0
2015-06-16,4.83,4.97,4.81,4.95,31100.0
2015-06-17,4.89,4.95,4.89,4.93,17268.0
2015-06-18,4.88,4.94,4.88,4.9,12843.0
2015-06-19,4.85,4.92,4.55,4.56,82249.0
2015-06-22,4.65,4.71,4.59,4.7,14896.0
2015-06-23,4.69,4.69,4.65,4.66,8954.0
2015-06-24,4.73,4.73,4.66,4.67,2716.0
2015-06-25,4.7,4.83,4.7,4.82,4190.0
2015-06-26,4.78,4.95,4.78,4.95,313913.0
2015-06-29,4.95,5.07,4.95,4.98,34046.0
2015-06-30,4.97,5.04,4.97,4.97,1946.0
2015-07-01,5.0,5.05,4.99,5.01,4563.0
2015-07-02,5.08,5.09,5.08,5.08,2611.0
2015-07-06,5.07,5.07,5.03,5.03,476.0
2015-07-07,5.03,5.03,5.0,5.01,20917.0
2015-07-08,5.0,5.01,5.0,5.0,1502.0
2015-07-09,5.0,5.05,5.0,5.05,1546.0
2015-07-10,5.0,5.09,5.0,5.09,4670.0
2015-07-13,5.125,5.14,5.1,5.14,3533.0
2015-07-14,5.14,5.14,5.12,5.12,1306.0
2015-07-15,5.07,5.13,5.07,5.13,182.0
2015-07-16,5.07,5.09,5.07,5.09,116.0
2015-07-17,5.14,5.15,5.14,5.15,637.0
2015-07-20,5.18,5.18,5.09,5.09,5101.0
2015-07-21,5.1,5.1,5.1,5.1,402.0
2015-07-22,5.05,5.06,5.05,5.06,226.0
2015-07-23,5.07,5.1,5.02,5.02,1737.0
2015-07-24,5.03,5.03,5.02,5.02,277.0
2015-07-27,5.03,5.03,5.03,5.03,382.0
2015-07-28,5.03,5.03,5.01,5.01,1858.0
2015-07-29,5.01,5.1,5.01,5.09,3426.0
2015-07-30,5.1,5.1,5.01,5.03,558.0
2015-07-31,5.01,5.02,5.01,5.01,764.0
2015-08-03,5.01,5.02,5.01,5.02,3639.0
2015-08-04,5.09,5.09,5.01,5.01,892.0
2015-08-05,5.03,5.03,5.01,5.03,6067.0
2015-08-06,5.0,5.01,5.0,5.01,962.0
2015-08-07,5.01,5.03,5.01,5.02,454.0
2015-08-10,5.02,5.02,5.01,5.02,1300.0
2015-08-11,5.02,5.02,5.01,5.01,2918.0
2015-08-12,5.08,5.08,5.01,5.01,3475.0
2015-08-13,5.01,5.05,5.01,5.05,1268.0
2015-08-14,5.03,5.12,5.03,5.12,5387.0
2015-08-17,5.06,5.08,5.06,5.08,1420.0
2015-08-18,5.08,5.1,5.03,5.03,918.0
2015-08-19,5.01,5.1,5.01,5.07,6849.0
2015-08-20,5.1,5.11,5.07,5.1,7680.0
2015-08-21,5.1,5.12,5.08,5.12,7931.0
2015-08-24,5.1,5.1,5.02,5.05,6500.0
2015-08-25,5.15,5.15,5.01,5.01,4500.0
2015-08-26,5.1,5.1,5.05,5.06,818.0
2015-08-27,5.1,5.1,5.1,5.1,21.0
2015-08-28,5.06,5.06,5.05,5.06,1563.0
2015-08-31,5.06,5.09,5.05,5.05,1032.0
2015-09-01,5.01,5.05,5.01,5.05,1456.0
2015-09-02,5.09,5.09,5.055,5.06,2082.0
2015-09-03,5.09,5.09,5.05,5.09,1098.0
2015-09-04,5.03,5.07,5.03,5.07,359.0
2015-09-08,5.12,5.12,5.03,5.03,385.0
2015-09-09,5.05,5.05,5.05,5.05,165.0
2015-09-10,5.06,5.07,5.06,5.07,520.0
2015-09-11,5.06,5.07,4.94,5.05,502.0
2015-09-14,5.06,5.12,5.06,5.12,1797.0
2015-09-15,5.11,5.11,5.0,5.01,729.0
2015-09-16,5.04,5.04,5.04,5.04,100.0
2015-09-17,5.06,5.11,5.06,5.06,819.0
2015-09-18,5.06,5.14,5.03,5.14,14928.0
2015-09-21,5.15,5.15,5.06,5.07,760.0
2015-09-22,5.04,5.1,5.04,5.04,4115.0
2015-09-23,5.02,5.09,5.02,5.09,547.0
2015-09-24,5.08,5.11,5.04,5.04,1097.0
2015-09-25,5.04,5.04,5.0,5.0,170.0
2015-09-28,4.95,4.97,4.95,4.97,287.0
2015-09-29,4.97,4.97,4.97,4.97,100.0
2015-09-30,5.01,5.05,4.98,5.05,4321.0
2015-10-01,5.06,5.06,4.88,4.88,5230.0
2015-10-02,4.93,4.98,4.92,4.92,992.0
2015-10-05,4.9,5.01,4.9,5.01,600.0
2015-10-06,4.99,5.04,4.92,5.04,2723.0
2015-10-07,5.06,5.06,5.0,5.0,2262.0
2015-10-08,5.0,5.03,5.0,5.02,953.0
2015-10-09,5.02,5.02,5.02,5.02,353.0
2015-10-12,5.035,5.07,5.01,5.07,400.0
2015-10-13,4.94,5.02,4.94,5.02,51.0
2015-10-14,4.91,4.91,4.91,4.91,44.0
2015-10-15,5.13,5.15,5.03,5.12,1547.0
2015-10-16,5.14,5.14,5.03,5.03,930.0
2015-10-19,5.03,5.15,5.0,5.15,22101.0
2015-10-20,5.14,5.18,5.14,5.18,7452.0
2015-10-21,5.18,5.18,5.17,5.17,678.0
2015-10-22,5.18,5.18,5.13,5.17,6835.0
2015-10-23,5.2,5.28,5.2,5.26,3099.0
2015-10-26,5.22,5.22,5.19,5.19,9984.0
2015-10-27,5.23,5.23,5.17,5.17,555.0
2015-10-28,5.23,5.28,5.23,5.275,300.0
2015-10-29,5.26,5.28,5.25,5.28,11763.0
2015-10-30,5.26,5.26,5.25,5.26,10589.0
2015-11-02,5.26,5.26,5.26,5.26,35676.0
2015-11-03,5.26,5.28,5.23,5.26,5551.0
2015-11-04,5.26,5.275,5.26,5.26,5232.0
2015-11-05,5.26,5.28,5.23,5.26,7540.0
2015-11-06,5.29,5.3,5.27,5.27,1810.0
2015-11-09,5.26,5.27,5.26,5.27,180.0
2015-11-10,5.27,5.31,5.27,5.31,270.0
2015-11-11,5.34,5.36,5.32,5.34,7188.0
2015-11-12,5.34,5.34,5.34,5.34,1109.0
2015-11-13,5.34,5.37,5.33,5.37,9118.0
2015-11-16,5.38,5.38,5.34,5.34,102.0
2015-11-17,5.34,5.36,5.34,5.36,458.0
2015-11-18,5.35,5.36,5.33,5.33,3105.0
2015-11-19,5.37,5.37,5.37,5.37,100.0
2015-11-20,5.37,5.37,5.35,5.35,7600.0
2015-11-23,5.35,5.36,5.34,5.34,742.0
2015-11-24,5.33,5.33,5.32,5.32,1164.0
2015-11-25,5.32,5.35,5.32,5.34,2424.0
2015-11-27,5.28,5.28,5.28,5.28,7.0
2015-11-30,5.25,5.4,5.25,5.4,15377.0
2015-12-01,5.4,5.42,5.37,5.41,8526.0
2015-12-02,5.39,5.39,5.36,5.36,300.0
2015-12-03,5.42,5.42,5.42,5.42,175.0
2015-12-04,5.43,5.43,5.42,5.42,181.0
2015-12-07,5.36,5.36,5.36,5.36,295.0
2015-12-08,5.42,5.42,5.42,5.42,101.0
2015-12-09,5.42,5.42,5.42,5.42,100.0
2015-12-10,5.35,5.44,5.35,5.44,731.0
2015-12-11,5.41,5.41,5.36,5.36,685.0
2015-12-14,5.44,5.44,5.44,5.44,100.0
2015-12-15,5.45,5.45,5.45,5.45,330.0
2015-12-16,5.4,5.4,5.38,5.38,384.0
2015-12-17,5.41,5.41,5.35,5.35,5844.0
2015-12-18,5.35,5.42,5.35,5.42,6705.0
2015-12-21,5.36,5.36,5.27,5.27,1080.0
2015-12-22,5.36,5.36,5.35,5.35,284.0
2015-12-23,5.36,5.38,5.3,5.3,2276.0
2015-12-28,5.26,5.26,5.26,5.26,708.0
2015-12-29,5.32,5.32,5.32,5.32,5.0
2015-12-30,5.38,5.38,5.28,5.28,4.0
2015-12-31,5.38,5.38,5.37,5.37,292.0
2016-01-04,5.41,5.41,5.37,5.39,2289.0
2016-01-05,5.36,5.39,5.32,5.32,1601.0
2016-01-06,5.42,5.42,5.42,5.42,1013.0
2016-01-07,5.36,5.4,5.36,5.4,201.0
2016-01-08,5.44,5.44,5.41,5.44,4754.0
2016-01-11,5.36,5.36,5.36,5.36,50.0
2016-01-12,5.45,5.45,5.41,5.41,200.0
2016-01-13,5.4,5.4,5.3,5.3,1001.0
2016-01-14,5.26,5.26,5.22,5.22,3235.0
2016-01-15,5.15,5.22,5.0,5.14,7163.0
2016-01-19,5.1,5.1,4.88,4.99,911.0
2016-01-20,5.01,5.02,4.96,5.02,11828.0
2016-01-21,5.05,5.05,5.01,5.05,2413.0
2016-01-22,5.05,5.14,5.01,5.07,7288.0
2016-01-25,5.21,5.26,5.03,5.12,1911.0
2016-01-26,5.06,5.14,4.82,4.82,1518.0
2016-01-27,5.06,5.06,4.91,4.99,351.0
2016-01-28,5.02,5.02,4.71,5.0,10533.0
2016-01-29,5.07,5.07,5.04,5.04,2637.0
2016-02-01,5.08,5.08,5.03,5.04,3755.0
2016-02-02,5.03,5.13,4.94,5.02,3443.0
2016-02-03,5.0,5.02,4.98,5.02,3400.0
2016-02-04,5.05,5.05,5.05,5.05,100.0
2016-02-05,4.99,4.99,4.96,4.98,616.0
2016-02-08,4.96,4.99,4.96,4.99,202.0
2016-02-09,5.0,5.01,4.96,4.965,2962.0
2016-02-10,4.91,4.93,4.91,4.93,205.0
2016-02-11,4.9,4.91,4.65,4.87,2617.0
2016-02-12,4.82,4.95,4.73,4.89,3401.0
2016-02-16,4.77,4.92,4.77,4.92,840.0
2016-02-17,4.88,4.99,4.88,4.99,279.0
2016-02-18,4.9,4.9,4.9,4.9,100.0
2016-02-19,4.91,4.98,4.86,4.89,21700.0
2016-02-22,4.91,4.94,4.91,4.93,2760.0
2016-02-23,4.82,4.82,4.82,4.82,100.0
2016-02-24,4.81,4.85,4.81,4.85,2107.0
2016-02-25,4.95,4.95,4.83,4.9,597.0
2016-02-26,4.96,4.99,4.74,4.99,1214.0
2016-02-29,4.79,4.94,4.79,4.9,1993.0
2016-03-01,4.87,4.92,4.79,4.92,1305.0
2016-03-02,4.8,4.9,4.8,4.9,3539.0
2016-03-03,4.94,4.94,4.86,4.86,1755.0
2016-03-04,4.89,4.9,4.86,4.9,2033.0
2016-03-07,4.9,4.95,4.88,4.95,1233.0
2016-03-08,4.96,5.01,4.95,4.95,1342.0
2016-03-09,4.95,4.98,4.95,4.96,716.0
2016-03-10,4.95,4.96,4.95,4.95,316.0
2016-03-11,4.99,5.0,4.99,4.99,300.0
2016-03-14,5.06,5.06,4.95,4.95,129.0
2016-03-15,4.96,4.96,4.96,4.96,200.0
2016-03-16,5.0,5.01,5.0,5.01,616.0
2016-03-17,5.06,5.06,4.95,4.95,624.0
2016-03-18,4.92,5.14,4.86,5.14,18473.0
2016-03-21,5.07,5.07,4.79,4.79,662.0
2016-03-22,4.9,5.02,4.9,4.91,4883.0
2016-03-23,5.0,5.0,5.0,5.0,1500.0
2016-03-29,5.06,5.06,4.9,5.0,2227.0
2016-03-30,5.0,5.01,5.0,5.0,6600.0
2016-03-31,5.0,5.01,5.0,5.0,4731.0
2016-04-01,5.0,5.01,4.98,5.0,2330.0
2016-04-04,5.0,5.01,4.98,5.0,2065.0
2016-04-05,4.95,4.95,4.72,4.72,200.0
2016-04-06,4.85,4.87,4.73,4.73,539.0
2016-04-07,4.98,4.98,4.8,4.8,102.0
2016-04-08,4.75,4.98,4.75,4.85,11403.0
2016-04-11,4.88,4.88,4.87,4.87,1130.0
2016-04-12,4.83,4.9,4.83,4.9,46.0
2016-04-13,4.91,4.91,4.91,4.91,252.0
2016-04-14,4.88,4.92,4.88,4.92,1351.0
2016-04-15,4.96,4.96,4.9,4.9,4643.0
2016-04-18,4.9,4.91,4.9,4.91,2927.0
2016-04-19,4.98,4.98,4.98,4.98,37.0
2016-04-20,4.95,4.98,4.92,4.98,728.0
2016-04-21,4.94,4.94,4.9,4.91,2181.0
2016-04-22,4.97,4.97,4.93,4.93,935.0
2016-04-26,4.97,5.05,4.97,5.05,2500.0
2016-04-27,5.01,5.03,5.0,5.03,3849.0
2016-04-28,5.03,5.03,5.03,5.03,13.0
2016-04-29,5.03,5.05,5.02,5.05,2669.0
2016-05-02,5.04,5.04,5.01,5.02,1016.0
2016-05-03,5.02,5.05,5.02,5.05,347.0
2016-05-04,5.05,5.05,5.02,5.05,634.0
2016-05-05,5.04,5.06,5.04,5.06,127.0
2016-05-06,5.05,5.15,5.05,5.14,563.0
2016-05-09,5.16,5.16,5.03,5.05,3391.0
2016-05-10,5.05,5.15,5.05,5.15,968.0
2016-05-11,5.12,5.17,5.12,5.17,602.0
2016-05-12,5.1,5.1,5.07,5.07,1106.0
2016-05-13,5.09,5.09,5.09,5.09,100.0
2016-05-16,5.09,5.09,5.07,5.07,2946.0
2016-05-17,5.05,5.07,5.05,5.07,3136.0
2016-05-18,5.05,5.09,5.05,5.09,346.0
2016-05-19,5.05,5.07,5.05,5.07,528.0
2016-05-20,5.08,5.1,5.08,5.08,1605.0
2016-05-23,5.08,5.12,5.08,5.1,714.0
2016-05-24,5.11,5.13,5.1,5.12,1084.0
2016-05-25,5.13,5.17,5.13,5.16,1500.0
2016-05-26,5.14,5.14,5.14,5.14,8.0
2016-05-27,5.21,5.21,5.16,5.16,366.0
2016-05-31,5.16,5.16,5.16,5.16,1850.0
2016-06-01,5.21,5.3,5.21,5.3,11136.0
2016-06-02,5.25,5.26,5.15,5.15,2740.0
2016-06-03,5.19,5.19,5.19,5.19,100.0
2016-06-06,5.2,5.2,5.2,5.2,64.0
2016-06-07,5.25,5.25,5.24,5.25,302.0
2016-06-08,5.28,5.29,5.2,5.29,3103.0
2016-06-09,5.2,5.2,5.12,5.14,900.0
2016-06-10,5.16,5.2,5.16,5.2,6221.0
2016-06-13,5.29,5.29,5.09,5.16,1242.0
2016-06-14,5.12,5.12,5.1,5.1,338.0
2016-06-15,5.14,5.14,5.14,5.14,6.0
2016-06-16,5.12,5.12,5.12,5.12,38.0
2016-06-17,5.13,5.16,5.09,5.16,10564.0
2016-06-20,5.18,5.18,5.09,5.09,3134.0
2016-06-21,5.09,5.14,5.06,5.14,1662.0
2016-06-22,5.1,5.1,5.1,5.1,152.0
2016-06-23,5.15,5.15,5.11,5.11,1659.0
2016-06-24,5.07,5.3,5.07,5.3,5060.0
2016-06-27,5.19,5.19,5.05,5.05,5990.0
2016-06-28,5.11,5.11,5.07,5.08,1146.0
2016-06-29,5.13,5.23,5.13,5.23,1099.0
2016-06-30,5.24,5.24,5.12,5.18,4424.0
2016-07-01,5.2,5.4,5.2,5.35,12548.0
2016-07-05,5.24,5.24,5.12,5.21,1402.0
2016-07-06,5.17,5.23,5.17,5.23,598.0
2016-07-07,5.2,5.24,5.2,5.24,831.0
2016-07-08,5.21,5.21,5.13,5.13,465.0
2016-07-11,5.17,5.17,5.1,5.13,430.0
2016-07-12,5.15,5.18,5.1,5.1,981.0
2016-07-13,5.15,5.15,5.1,5.1,346.0
2016-07-14,5.15,5.16,5.1,5.15,4707.0
2016-07-15,5.24,5.24,5.18,5.24,1447.0
2016-07-18,5.2,5.24,5.2,5.2,3801.0
2016-07-19,5.22,5.22,5.18,5.18,210.0
2016-07-20,5.15,5.18,5.15,5.17,3687.0
2016-07-21,5.16,5.18,5.15,5.17,1316.0
2016-07-22,5.16,5.2,5.15,5.18,4309.0
2016-07-25,5.16,5.16,5.15,5.16,1613.0
2016-07-26,5.16,5.24,5.16,5.16,1030.0
2016-07-27,5.18,5.36,5.1,5.19,3270.0
2016-07-28,5.18,5.21,5.16,5.21,12609.0
2016-07-29,5.37,5.37,5.21,5.21,5743.0
2016-08-01,5.15,5.15,5.15,5.15,220.0
2016-08-02,5.15,5.18,5.15,5.15,3092.0
2016-08-03,5.15,5.15,5.15,5.15,202.0
2016-08-05,5.27,5.27,5.2,5.21,944.0
2016-08-09,5.21,5.21,5.21,5.21,182.0
2016-08-10,5.27,5.27,5.26,5.26,151.0
2016-08-11,5.22,5.22,5.22,5.22,100.0
2016-08-12,5.21,5.21,5.21,5.21,1605.0
2016-08-15,5.24,5.32,5.24,5.27,3860.0
2016-08-16,5.22,5.26,5.22,5.26,1442.0
2016-08-17,5.25,5.3,5.25,5.3,600.0
2016-08-18,5.3,5.3,5.26,5.26,204.0
2016-08-22,5.28,5.34,5.28,5.33,3691.0
2016-08-24,5.28,5.28,5.28,5.28,10.0
2016-08-25,5.33,5.4,5.31,5.32,14091.0
2016-08-26,5.31,5.38,5.31,5.38,208.0
2016-08-29,5.38,5.41,5.38,5.4,2500.0
2016-08-30,5.4,5.41,5.38,5.41,990.0
2016-08-31,5.43,5.45,5.43,5.45,2000.0
2016-09-01,5.39,5.44,5.38,5.43,1030.0
2016-09-02,5.44,5.44,5.39,5.39,490.0
2016-09-06,5.37,5.39,5.37,5.39,844.0
2016-09-07,5.44,5.48,5.38,5.38,17570.0
2016-09-08,5.4,5.41,5.4,5.41,143.0
2016-09-09,5.41,5.41,5.4,5.4,401.0
2016-09-12,5.4,5.41,5.4,5.41,379.0
2016-09-13,5.41,5.44,5.41,5.41,1254.0
2016-09-14,5.42,5.42,5.41,5.41,240.0
2016-09-15,5.41,5.41,5.41,5.41,500.0
2016-09-16,5.41,5.49,5.41,5.49,7672.0
2016-09-19,5.41,5.42,5.4,5.41,4402.0
2016-09-20,5.41,5.41,5.41,5.41,17.0
2016-09-21,5.48,5.48,5.45,5.45,677.0
2016-09-22,5.47,5.47,5.4,5.4,2001.0
2016-09-23,5.4,5.46,5.4,5.41,455.0
2016-09-26,5.41,5.44,5.4,5.44,1024.0
2016-09-28,5.4,5.42,5.4,5.41,1497.0
2016-09-29,5.43,5.43,5.38,5.38,600.0
2016-09-30,5.37,5.43,5.37,5.43,300.0
2016-10-03,5.44,5.49,5.41,5.41,393.0
2016-10-04,5.46,5.46,5.37,5.37,2325.0
2016-10-05,5.34,5.38,5.34,5.38,254.0
2016-10-06,5.4,5.45,5.4,5.45,264.0
2016-10-07,5.43,5.48,5.43,5.48,687.0
2016-10-10,5.43,5.43,5.39,5.39,1400.0
2016-10-11,5.4,5.43,5.4,5.43,972.0
2016-10-12,5.41,5.42,5.37,5.4,860.0
2016-10-13,5.395,5.43,5.395,5.41,3365.0
2016-10-14,5.49,5.49,5.4,5.45,8247.0
2016-10-17,5.41,5.42,5.4,5.41,952.0
2016-10-18,5.4,5.5,5.4,5.42,23622.0
2016-10-19,5.42,5.43,5.42,5.42,2800.0
2016-10-20,5.43,5.43,5.42,5.42,2730.0
2016-10-21,5.42,5.42,5.4,5.42,2700.0
2016-10-24,5.42,5.46,5.415,5.415,13844.0
2016-10-25,5.41,5.42,5.41,5.42,950.0
2016-10-26,5.43,5.46,5.41,5.44,43059.0
2016-10-27,5.45,5.48,5.45,5.46,2703.0
2016-10-28,5.45,5.53,5.45,5.51,1200.0
2016-10-31,5.5,5.8,5.5,5.65,1714.0
2016-11-01,5.5,5.5,5.5,5.5,116.0
2016-11-02,5.55,5.55,5.55,5.55,260.0
2016-11-03,5.6,5.65,5.5,5.5,2207.0
2016-11-04,5.6,5.65,5.5,5.5,3685.0
2016-11-07,5.55,5.55,5.5,5.5,188.0
2016-11-08,5.5,5.55,5.45,5.45,1939.0
2016-11-09,5.45,5.6,5.45,5.6,1601.0
2016-11-10,5.6,5.75,5.6,5.75,1123.0
2016-11-11,5.65,5.7,5.55,5.7,1862.0
2016-11-14,5.75,5.95,5.75,5.95,972.0
2016-11-15,5.9,5.9,5.8,5.8,2784.0
2016-11-16,5.8,6.05,5.8,6.05,2906.0
2016-11-17,6.05,6.05,5.95,6.0,3832.0
2016-11-18,5.95,5.95,5.95,5.95,1251.0
2016-11-21,5.95,6.05,5.95,5.95,1294.0
2016-11-22,6.1,6.1,6.05,6.05,753.0
2016-11-23,6.1,6.2,6.05,6.05,14846.0
2016-11-25,6.0,6.2,6.0,6.2,4037.0
2016-11-28,6.15,6.3,6.15,6.2,13345.0
2016-11-29,6.2,6.2,6.05,6.2,13960.0
2016-11-30,6.2,6.35,6.2,6.25,7229.0
2016-12-01,6.3,6.3,6.3,6.3,6869.0
2016-12-02,6.3,6.35,6.3,6.35,1260.0
2016-12-05,6.4,6.45,6.35,6.35,2858.0
2016-12-06,6.4,6.6,6.35,6.55,10044.0
2016-12-07,6.6,6.6,6.45,6.55,4652.0
2016-12-08,6.6,6.65,6.45,6.45,7056.0
2016-12-09,6.55,6.7,6.55,6.65,7007.0
2016-12-12,6.75,6.75,6.55,6.55,1256.0
2016-12-13,6.5,6.55,6.5,6.55,2132.0
2016-12-14,6.6,6.65,6.55,6.6,1478.0
2016-12-15,6.75,6.75,6.3,6.65,6947.0
2016-12-16,6.75,6.75,6.7,6.75,13085.0
2016-12-19,6.8,6.8,6.55,6.75,8035.0
2016-12-20,6.8,7.0,6.8,6.95,16522.0
2016-12-21,6.95,7.0,6.85,6.9,17164.0
2016-12-22,6.95,7.0,6.75,6.9,10659.0
2016-12-23,6.95,7.05,6.95,7.05,3414.0
2016-12-27,7.1,7.1,6.95,7.0,3473.0
2016-12-28,7.0,7.1,7.0,7.1,1272.0
2016-12-29,7.05,7.05,6.95,6.95,1972.0
2016-12-30,7.2,7.25,7.1,7.25,2887.0
2017-01-03,7.25,7.25,7.1,7.2,2007.0
2017-01-04,7.3,7.4,7.3,7.3,10305.0
2017-01-05,7.35,7.45,7.35,7.45,6186.0
2017-01-06,7.45,7.45,7.45,7.45,693.0
2017-01-09,7.45,7.45,7.3,7.3,2680.0
2017-01-10,7.3,7.3,7.2,7.2,1642.0
2017-01-11,7.2,7.35,7.2,7.2,1300.0
2017-01-12,7.3,7.3,7.2,7.25,3791.0
2017-01-13,7.1,7.25,7.1,7.25,4250.0
2017-01-17,7.25,7.25,7.05,7.15,9242.0
2017-01-18,7.1,7.3,7.1,7.15,5817.0
2017-01-19,7.3,7.3,7.275,7.3,6301.0
2017-01-20,7.3,7.4,7.25,7.4,2537.0
2017-01-23,7.4,7.4,7.35,7.4,2710.0
2017-01-24,7.4,7.45,7.3,7.4,10356.0
2017-01-25,7.45,7.5,7.4,7.45,10695.0
2017-01-26,7.45,7.6,7.45,7.55,21115.0
2017-01-27,7.55,7.65,7.35,7.4,9128.0
2017-01-30,7.45,7.55,7.25,7.5,4028.0
2017-01-31,7.55,7.55,7.4,7.5,4933.0
2017-02-01,7.5,7.5,7.3,7.5,4938.0
2017-02-02,7.4,7.55,7.4,7.55,8637.0
2017-02-03,7.65,7.7,7.6,7.6,5149.0
2017-02-06,7.7,7.75,7.7,7.75,10594.0
2017-02-07,7.8,7.85,7.75,7.85,24733.0
2017-02-08,7.75,7.8,7.65,7.8,81463.0
2017-02-09,7.8,7.925,7.7,7.8,7210.0
2017-02-10,7.85,8.1,7.85,8.1,4591.0
2017-02-13,8.2,8.2,8.05,8.1,17876.0
2017-02-14,8.15,8.15,8.1,8.1,13828.0
2017-02-15,8.15,8.15,8.05,8.05,5725.0
2017-02-16,8.05,8.05,7.85,7.85,8454.0
2017-02-17,7.9,8.0,7.9,8.0,7342.0
2017-02-21,7.95,8.0,7.8,8.0,8546.0
2017-02-22,8.05,8.05,8.0,8.0,11035.0
2017-02-23,8.0,8.0,7.95,8.0,3251.0
2017-02-24,8.0,8.0,7.9,8.0,3100.0
2017-02-27,8.05,8.05,7.95,8.05,8310.0
2017-02-28,8.05,8.05,7.85,7.95,9445.0
2017-03-01,8.05,8.05,8.0,8.0,7858.0
2017-03-02,8.05,8.05,7.85,7.95,3202.0
2017-03-03,7.9,8.0,7.875,7.95,7250.0
2017-03-06,7.95,8.1,7.95,8.1,17426.0
2017-03-07,8.05,8.1,8.05,8.05,2722.0
2017-03-08,8.05,8.15,8.05,8.1,14193.0
2017-03-09,8.15,8.25,8.05,8.05,16492.0
2017-03-10,8.1,8.2,8.1,8.15,12567.0
2017-03-13,8.2,8.25,8.1,8.15,16949.0
2017-03-14,8.2,8.2,8.05,8.05,8348.0
2017-03-15,8.1,8.15,8.05,8.05,3582.0
2017-03-16,8.05,8.1,8.05,8.1,4477.0
2017-03-17,8.05,8.45,8.05,8.45,107348.0
2017-03-20,8.4,8.4,8.1,8.2,12251.0
2017-03-21,8.2,8.2,7.9,8.15,26173.0
2017-03-22,8.1,8.15,8.0,8.0,12802.0
2017-03-23,8.05,8.1,7.95,8.1,8804.0
2017-03-24,8.05,8.15,8.05,8.15,7319.0
2017-03-27,7.85,8.2,7.85,8.15,17076.0
2017-03-28,8.2,8.2,7.9,8.0,11256.0
2017-03-29,7.95,8.2,7.95,8.15,6455.0
2017-03-30,8.1,8.2,7.95,8.0,16781.0
2017-03-31,8.0,8.05,7.75,8.0,10118.0
2017-04-03,8.1,8.1,7.9,7.95,9108.0
2017-04-04,7.9,8.05,7.85,8.0,9095.0
2017-04-05,7.95,8.0,7.65,7.65,6131.0
2017-04-06,7.65,7.85,7.4,7.85,21449.0
2017-04-07,7.85,8.0,7.825,7.95,20005.0
2017-04-10,8.0,8.0,7.9,7.95,5889.0
2017-04-11,7.95,7.95,7.75,7.9,4655.0
2017-04-12,7.9,8.0,7.85,7.9,8022.0
2017-04-13,7.9,8.0,7.8,7.85,12067.0
2017-04-17,7.85,7.85,7.65,7.65,5373.0
2017-04-18,7.4,7.7,6.95,7.6,25051.0
2017-04-19,7.5,7.7,7.4,7.5,4366.0
2017-04-20,7.6,7.6,7.4,7.55,15564.0
2017-04-21,7.65,7.7,7.6,7.7,2378.0
2017-04-24,7.7,7.9,7.65,7.8,9484.0
2017-04-25,8.0,8.0,7.75,7.85,16319.0
2017-04-26,7.85,7.85,7.8,7.8,5142.0
2017-04-27,7.8,7.85,7.75,7.85,9515.0
2017-04-28,7.8,7.95,7.8,7.95,8454.0
2017-05-01,7.9,8.0,7.85,8.0,4065.0
2017-05-02,8.05,8.1,8.0,8.0,9933.0
2017-05-03,8.0,8.05,8.0,8.05,4865.0
2017-05-04,7.95,8.15,7.95,8.15,16828.0
2017-05-05,8.1,8.2,8.0,8.15,9163.0
2017-05-08,8.15,8.15,8.0,8.1,1832.0
2017-05-09,8.1,8.15,8.05,8.1,4575.0
2017-05-10,8.05,8.1,8.05,8.1,1111.0
2017-05-11,8.1,8.1,8.05,8.1,4330.0
2017-05-12,8.075,8.1,8.0,8.05,3469.0
2017-05-15,7.95,8.1,7.95,8.05,7114.0
2017-05-16,8.05,8.1,8.05,8.1,3313.0
2017-05-17,8.05,8.1,7.85,7.85,8507.0
2017-05-18,7.95,8.15,7.9,8.0,7034.0
2017-05-19,8.1,8.15,7.8,7.85,16396.0
2017-05-22,8.0,8.2,7.75,8.2,14482.0
2017-05-23,8.2,8.2,8.0,8.1,13198.0
2017-05-24,8.1,8.15,8.1,8.1,7890.0
2017-05-25,8.15,8.2,8.1,8.2,23191.0
2017-05-26,8.15,8.2,8.15,8.2,7185.0
2017-05-30,8.1,8.25,7.8,8.0,13198.0
2017-05-31,8.05,8.25,7.85,8.2,23296.0
2017-06-01,8.2,8.2,8.1,8.1,13959.0
2017-06-02,8.15,8.2,8.0,8.15,16580.0
2017-06-05,8.2,8.2,8.1,8.1,6455.0
2017-06-06,8.15,8.2,8.1,8.1,5682.0
2017-06-07,8.15,8.2,8.1,8.1,6278.0
2017-06-08,8.2,8.225,8.15,8.15,11762.0
2017-06-09,8.15,8.25,8.15,8.15,9629.0
2017-06-12,8.2,8.2,8.05,8.2,6481.0
2017-06-13,8.2,8.3,8.2,8.25,15794.0
2017-06-14,8.25,8.3,8.1,8.1,18375.0
2017-06-15,8.1,8.2,8.1,8.2,4998.0
2017-06-16,8.2,8.2,8.15,8.15,14092.0
2017-06-19,8.15,8.25,7.95,7.95,11283.0
2017-06-20,7.95,8.2,7.95,8.2,9216.0
2017-06-21,8.2,8.25,8.15,8.2,12163.0
2017-06-22,8.2,8.2,7.95,7.95,8550.0
2017-06-23,7.95,8.1,7.65,7.85,1302018.0
2017-06-26,7.9,8.2,7.9,8.15,43100.0
2017-06-27,8.2,8.3,8.2,8.3,25885.0
2017-06-28,8.3,8.3,8.05,8.2,35621.0
2017-06-29,8.25,8.25,8.175,8.25,30030.0
2017-06-30,8.25,8.25,8.15,8.25,15984.0
2017-07-03,8.2,8.3,8.15,8.3,7370.0
2017-07-05,8.25,8.3,8.25,8.3,12515.0
2017-07-06,8.25,8.3,8.15,8.3,20686.0
2017-07-07,8.3,8.3,8.2,8.3,24363.0
2017-07-10,8.25,8.3,8.25,8.25,35938.0
2017-07-11,8.3,8.55,8.25,8.55,16775.0
2017-07-12,8.45,9.0,8.45,8.9,48922.0
2017-07-13,8.85,8.95,8.6,8.9,25566.0
2017-07-14,8.85,8.9,8.775,8.9,17117.0
2017-07-17,8.85,8.95,8.75,8.9,30004.0
2017-07-18,8.9,8.9,8.65,8.75,21114.0
2017-07-19,8.75,8.75,8.55,8.6,25421.0
2017-07-20,8.6,8.65,8.45,8.6,39361.0
2017-07-21,8.65,8.65,8.5,8.6,71433.0
2017-07-24,8.55,8.6,8.5,8.6,8805.0
2017-07-25,8.6,8.65,8.55,8.65,21552.0
2017-07-26,8.6,8.6,8.4,8.55,12497.0
2017-07-27,8.55,8.6,8.475,8.6,17693.0
2017-07-28,8.6,8.6,8.3,8.3,13306.0
2017-07-31,8.3,8.6,8.25,8.6,24948.0
2017-08-01,8.6,8.65,8.5,8.55,7886.0
2017-08-02,8.6,8.6,8.45,8.45,6579.0
2017-08-03,8.5,8.5,8.425,8.5,8033.0
2017-08-04,8.525,8.55,8.5,8.55,8076.0
2017-08-07,8.6,8.6,8.45,8.5,17507.0
2017-08-08,8.5,8.525,8.4,8.45,5892.0
2017-08-09,8.35,8.85,8.2,8.7,24174.0
2017-08-10,8.7,8.7,8.35,8.35,9550.0
2017-08-11,8.4,8.4,8.25,8.3,11429.0
2017-08-14,8.35,8.5,8.35,8.5,16475.0
2017-08-15,8.55,8.55,8.35,8.35,7428.0
2017-08-16,8.4,8.55,8.4,8.45,8661.0
2017-08-17,8.45,8.55,8.3,8.35,10178.0
2017-08-18,8.2,8.4,8.2,8.4,35075.0
2017-08-21,8.35,8.4,8.15,8.35,7638.0
2017-08-22,8.35,8.5,8.15,8.5,11204.0
2017-08-23,8.4,8.4,8.3,8.3,4813.0
2017-08-24,8.35,8.5,8.35,8.5,14331.0
2017-08-25,8.45,8.45,8.15,8.25,11721.0
2017-08-28,8.25,8.3,8.05,8.2,9060.0
2017-08-29,8.2,8.35,8.2,8.3,5629.0
2017-08-30,8.25,8.4,8.15,8.35,9020.0
2017-08-31,8.4,8.45,8.2,8.4,8899.0
2017-09-01,8.45,8.45,8.4,8.45,7858.0
2017-09-05,8.35,8.9,8.35,8.8,29551.0
2017-09-06,8.7,8.75,8.65,8.7,16010.0
2017-09-07,8.85,8.85,8.35,8.6,30333.0
2017-09-08,8.55,8.8,8.55,8.75,24512.0
2017-09-11,8.75,8.85,8.75,8.85,13226.0
2017-09-12,8.75,8.9,8.75,8.9,11638.0
2017-09-13,8.9,9.05,8.9,8.9,76734.0
2017-09-14,8.95,9.1,8.45,8.5,57938.0
2017-09-15,8.55,8.55,8.25,8.35,125925.0
2017-09-18,8.45,8.95,8.35,8.65,77201.0
2017-09-19,8.7,8.85,8.55,8.65,45152.0
2017-09-20,8.75,8.85,8.75,8.8,8579.0
2017-09-21,8.8,8.85,8.8,8.8,6876.0
2017-09-22,8.85,8.9,8.85,8.85,8329.0
2017-09-25,8.85,8.9,8.8,8.85,6702.0
2017-09-26,8.9,8.9,8.85,8.85,6208.0
2017-09-27,8.9,9.15,8.9,9.05,48924.0
2017-09-28,9.05,9.15,9.05,9.1,31107.0
2017-09-29,9.1,9.25,9.1,9.2,10379.0
2017-10-02,9.2,9.25,9.05,9.15,16655.0
2017-10-03,9.2,9.2,9.1,9.1,13257.0
2017-10-04,8.95,9.0,8.875,9.0,43758.0
2017-10-05,9.05,9.25,9.05,9.25,10222.0
2017-10-06,9.25,9.25,9.125,9.25,13465.0
2017-10-09,9.2,9.275,9.2,9.25,6865.0
2017-10-10,9.25,9.3,9.225,9.25,12005.0
2017-10-11,9.25,9.25,9.25,9.25,7852.0
2017-10-12,9.3,9.35,9.25,9.25,5858.0
2017-10-13,9.3,9.3,9.1,9.1,9721.0
2017-10-16,9.1,9.25,9.1,9.15,11760.0
2017-10-17,9.2,9.2,9.0,9.05,5492.0
2017-10-18,9.15,9.2,9.1,9.15,4999.0
2017-10-19,9.1,9.15,9.05,9.1,5139.0
2017-10-20,9.2,9.2,9.1,9.15,13925.0
2017-10-23,9.2,9.2,9.1,9.1,5929.0
2017-10-24,9.15,9.15,9.1,9.1,3751.0
2017-10-25,9.05,9.175,9.05,9.15,4581.0
2017-10-26,9.1,9.1,8.85,8.95,7099.0
2017-10-27,8.95,8.95,8.85,8.95,13013.0
2017-10-30,8.9,8.9,8.85,8.85,6652.0
2017-10-31,8.8,8.85,8.6,8.65,30286.0
2017-11-01,8.65,8.75,8.55,8.7,13231.0
2017-11-02,8.65,8.8,8.65,8.8,5499.0
2017-11-03,8.8,8.8,8.65,8.65,17118.0
2017-11-06,8.7,8.7,8.4,8.45,5494.0
2017-11-07,8.5,8.5,8.0,8.2,26525.0
2017-11-08,8.2,8.4,8.15,8.35,15556.0
2017-11-09,8.3,8.35,8.2,8.25,5389.0
2017-11-10,8.25,8.25,8.15,8.15,3908.0
2017-11-13,8.15,8.15,8.0,8.05,5399.0
2017-11-14,8.05,8.15,8.05,8.15,2986.0
2017-11-15,8.15,8.25,8.1,8.15,11095.0
2017-11-16,8.2,8.4,8.2,8.3,9778.0
2017-11-17,8.25,8.25,8.1,8.2,6762.0
2017-11-20,8.25,8.4,8.1,8.4,7191.0
2017-11-21,8.4,8.4,8.2,8.4,8144.0
2017-11-22,8.45,8.45,8.25,8.25,7107.0
2017-11-24,8.15,8.25,8.05,8.25,8516.0
2017-11-27,8.3,8.35,8.3,8.35,3822.0
2017-11-28,8.35,8.55,8.25,8.55,8385.0
2017-11-29,8.55,8.75,8.55,8.75,12982.0
2017-11-30,8.8,8.95,8.7,8.7,27804.0
2017-12-01,8.7,8.7,8.25,8.3,6719.0
2017-12-04,8.4,8.6,8.4,8.5,8983.0
2017-12-05,8.5,8.55,8.25,8.45,10404.0
2017-12-06,8.4,8.5,8.3,8.3,7197.0
2017-12-07,8.35,8.4,8.25,8.35,8504.0
2017-12-08,8.4,8.45,8.2,8.3,7749.0
2017-12-11,8.35,8.35,8.25,8.25,2625.0
2017-12-12,8.25,8.4,8.2,8.2,4873.0
2017-12-13,8.25,8.7,8.25,8.4,12577.0
2017-12-14,8.45,8.65,8.4,8.5,7545.0
2017-12-15,8.45,8.7,8.45,8.7,56994.0
2017-12-18,8.75,8.95,8.6,8.65,6097.0
2017-12-19,8.7,8.7,8.55,8.55,6952.0
2017-12-20,8.65,8.65,8.45,8.45,6266.0
2017-12-21,8.5,8.575,8.45,8.55,4717.0
2017-12-22,8.55,8.55,8.3,8.3,7565.0
2017-12-26,8.35,8.35,8.2,8.3,6759.0
2017-12-27,8.3,8.3,8.05,8.05,2840.0
2017-12-28,8.05,8.2,8.05,8.2,2773.0
2017-12-29,8.15,8.15,8.1,8.15,14457.0
2018-01-02,8.15,8.25,7.975,8.0,10987.0
2018-01-03,7.95,8.1,7.95,8.05,3498.0
2018-01-04,8.1,8.1,7.95,7.95,4527.0
2018-01-05,8.0,8.1,8.0,8.05,7193.0
2018-01-08,8.0,8.075,8.0,8.05,5648.0
2018-01-09,8.05,8.225,8.05,8.1,4636.0
2018-01-10,8.05,8.15,8.05,8.15,3060.0
2018-01-11,8.15,8.3,8.15,8.3,2477.0
2018-01-12,8.35,8.35,8.2,8.25,3129.0
2018-01-16,8.2,8.4,8.15,8.2,12756.0
2018-01-17,8.15,8.25,8.15,8.25,10371.0
2018-01-18,8.2,8.325,8.2,8.2,5315.0
2018-01-19,8.2,8.45,8.2,8.45,9777.0
2018-01-22,8.45,8.5,8.25,8.25,4965.0
2018-01-23,8.2,8.35,8.2,8.35,2276.0
2018-01-24,8.4,8.4,8.3,8.3,10868.0
2018-01-25,8.35,8.35,8.25,8.25,25346.0
2018-01-26,8.3,8.3,8.2,8.3,5413.0
2018-01-29,8.25,8.25,8.2,8.25,5671.0
2018-01-30,8.35,8.45,8.25,8.3,9988.0
2018-01-31,8.25,8.45,8.25,8.25,6281.0
2018-02-01,8.3,8.45,8.15,8.15,8756.0
2018-02-02,8.15,8.2,8.1,8.2,7354.0
2018-02-05,8.15,8.2,8.1,8.1,9047.0
2018-02-06,8.15,8.95,8.15,8.75,55689.0
2018-02-07,8.7,8.7,8.5,8.5,7716.0
2018-02-08,8.55,8.55,8.25,8.25,15014.0
2018-02-09,8.35,8.35,8.2,8.25,20632.0
2018-02-12,8.25,8.375,8.25,8.3,7195.0
2018-02-13,8.2,8.35,8.2,8.35,4295.0
2018-02-14,8.3,8.375,8.2,8.25,18037.0
2018-02-15,8.35,8.5,8.25,8.5,10603.0
2018-02-16,8.45,8.65,8.4,8.55,13480.0
2018-02-20,8.45,8.45,8.25,8.25,5023.0
2018-02-21,8.2,8.25,8.2,8.2,5703.0
2018-02-22,8.2,8.3,8.2,8.3,2556.0
2018-02-23,8.35,8.4,8.15,8.25,16041.0
2018-02-26,8.2,8.35,8.2,8.35,10397.0
2018-02-27,8.35,8.4,8.35,8.4,2760.0
2018-02-28,8.35,8.45,8.3,8.3,12885.0
2018-03-01,8.35,8.45,8.25,8.35,25112.0
2018-03-02,8.25,8.5,8.25,8.45,5389.0
2018-03-05,8.35,8.55,8.35,8.55,1562.0
2018-03-06,8.55,8.6,8.35,8.5,6181.0
2018-03-07,8.5,8.6,8.4,8.6,8656.0
2018-03-08,8.6,8.65,8.45,8.65,3836.0
2018-03-09,8.75,8.85,8.55,8.85,6536.0
2018-03-12,8.95,8.95,8.55,8.85,4066.0
2018-03-13,8.8,8.85,8.5,8.8,4657.0
2018-03-14,8.85,8.85,8.6,8.7,2750.0
2018-03-15,8.7,8.9,8.7,8.8,4918.0
2018-03-16,8.75,9.0,8.7,8.95,55709.0
2018-03-19,8.95,8.95,8.9,8.9,4409.0
2018-03-20,8.9,8.95,8.9,8.9,5659.0
2018-03-21,8.9,8.95,8.9,8.9,1946.0
2018-03-22,8.9,8.9,8.75,8.8,3053.0
2018-03-23,8.75,9.1,8.75,8.8,25416.0
2018-03-26,8.95,9.0,8.85,8.95,6328.0
2018-03-27,8.9,8.9,8.85,8.85,3591.0
2018-03-28,8.85,9.1,8.8,9.1,14634.0
2018-03-29,9.1,9.1,8.975,9.0,9319.0
2018-04-02,8.95,9.0,8.8,8.9,8412.0
2018-04-03,8.85,8.85,8.65,8.75,10459.0
2018-04-04,8.75,8.75,8.65,8.65,10180.0
2018-04-05,8.75,8.9,8.75,8.75,6150.0
2018-04-06,8.75,8.85,8.65,8.65,4508.0
2018-04-09,8.6,8.7,8.6,8.7,4200.0
2018-04-10,8.65,8.8,8.65,8.75,6707.0
2018-04-11,8.75,8.9,8.75,8.75,4068.0
2018-04-12,8.8,8.925,8.8,8.85,5228.0
2018-04-13,8.9,8.9,8.85,8.85,2298.0
2018-04-16,8.8,8.9,8.8,8.8,13311.0
2018-04-17,8.85,8.9,8.85,8.9,6743.0
2018-04-18,8.9,8.95,8.9,8.95,4129.0
2018-04-19,8.95,8.95,8.9,8.95,2381.0
2018-04-20,8.9,8.95,8.85,8.85,11211.0
2018-04-23,8.85,8.95,8.85,8.95,2909.0
2018-04-24,8.95,9.0,8.95,9.0,4564.0
2018-04-25,8.95,9.0,8.95,8.95,2524.0
2018-04-26,8.9,9.0,8.85,9.0,5867.0
2018-04-27,9.05,9.05,8.75,8.75,4431.0
2018-04-30,8.7,8.75,8.65,8.7,5254.0
2018-05-01,8.65,8.8,8.55,8.8,4170.0
2018-05-02,8.85,8.85,8.675,8.75,3991.0
2018-05-03,8.7,8.7,8.7,8.7,773.0
2018-05-04,8.65,8.95,8.65,8.95,8970.0
2018-05-07,9.0,9.05,8.95,8.95,7104.0
2018-05-08,8.9,8.95,8.9,8.9,2712.0
2018-05-09,8.95,8.95,8.8,8.9,4110.0
2018-05-10,8.95,8.95,8.8,8.85,2637.0
2018-05-11,8.95,8.95,8.55,8.75,38809.0
2018-05-14,8.8,8.8,8.7,8.7,4394.0
2018-05-15,8.75,8.8,8.7,8.8,5591.0
2018-05-16,8.85,8.85,8.7,8.8,9802.0
2018-05-17,8.85,9.0,8.8,9.0,8298.0
2018-05-18,9.05,9.05,8.95,9.0,12574.0
2018-05-21,9.0,9.25,8.95,9.25,11149.0
2018-05-22,9.2,9.3,9.05,9.2,9361.0
2018-05-23,9.2,9.25,9.2,9.25,6691.0
2018-05-24,9.25,9.3,9.2,9.25,7645.0
2018-05-25,9.25,9.45,9.1,9.45,12694.0
2018-05-29,9.45,9.8,9.45,9.8,6083.0
2018-05-30,9.85,10.0,9.8,9.8,11067.0
2018-05-31,9.85,10.0,9.75,9.75,9495.0
2018-06-01,9.8,10.0,9.75,9.85,8332.0
2018-06-04,9.8,10.0,9.8,9.95,8131.0
2018-06-05,9.9,9.9,9.75,9.8,4464.0
2018-06-06,9.75,9.8,9.7,9.7,18677.0
2018-06-07,9.75,9.9,9.75,9.85,3487.0
2018-06-08,9.9,9.9,9.55,9.55,10060.0
2018-06-11,9.6,9.6,9.4,9.45,6728.0
2018-06-12,9.5,9.5,9.35,9.45,6537.0
2018-06-13,9.45,9.45,9.4,9.45,6640.0
2018-06-14,9.45,9.45,9.45,9.45,18541.0
2018-06-15,9.4,9.5,9.4,9.4,24028.0
2018-06-18,9.45,9.5,9.35,9.5,7297.0
2018-06-19,9.5,9.55,9.4,9.45,23271.0
2018-06-20,9.4,9.55,9.4,9.5,8510.0
2018-06-21,9.55,10.0,9.5,9.85,7700.0
2018-06-22,9.8,9.85,9.8,9.85,54014.0
2018-06-25,9.75,9.75,9.65,9.65,3613.0
2018-06-26,9.65,9.65,9.35,9.4,11546.0
2018-06-27,9.35,9.35,8.95,9.0,5665.0
2018-06-28,9.0,9.1,8.95,8.95,16863.0
2018-06-29,8.9,9.15,8.85,8.95,22211.0
2018-07-02,8.9,9.2,8.9,9.15,11654.0
2018-07-03,9.2,9.25,9.2,9.25,3774.0
2018-07-05,9.25,9.575,9.25,9.55,14913.0
2018-07-06,9.6,9.7,9.55,9.7,6925.0
2018-07-09,9.65,10.0,9.65,9.95,11652.0
2018-07-10,10.0,10.0,9.8,9.8,4909.0
2018-07-11,9.85,9.85,9.8,9.85,2097.0
2018-07-12,9.9,10.0,9.85,9.95,4664.0
2018-07-13,9.95,9.95,9.85,9.9,3237.0
2018-07-16,9.95,9.95,9.85,9.85,6363.0
2018-07-17,9.9,9.95,9.65,9.7,3191.0
2018-07-18,9.65,9.65,9.45,9.6,2855.0
2018-07-19,9.6,9.8,9.6,9.75,6321.0
2018-07-20,9.7,9.85,9.65,9.85,4620.0
2018-07-23,9.75,9.85,9.75,9.85,1919.0
2018-07-24,9.85,9.85,9.55,9.75,2839.0
2018-07-25,9.8,9.8,9.5,9.5,5415.0
2018-07-26,10.0,10.0,9.6,9.6,4929.0
2018-07-27,9.6,9.6,9.3,9.4,11965.0
2018-07-30,9.35,9.4,9.3,9.3,13712.0
2018-07-31,9.35,9.5,9.35,9.5,39019.0
2018-08-01,9.45,9.55,9.3,9.45,7488.0
2018-08-02,9.4,9.5,9.25,9.4,21257.0
2018-08-03,9.45,9.5,9.05,9.1,10234.0
2018-08-06,9.1,9.1,8.8,8.9,13442.0
2018-08-07,8.9,8.95,8.5,8.9,20882.0
2018-08-08,8.9,9.125,8.9,9.1,6837.0
2018-08-09,9.1,9.1,9.1,9.1,7205.0
2018-08-10,9.05,9.2,9.05,9.15,6618.0
2018-08-13,9.15,9.35,9.05,9.25,9723.0
2018-08-14,9.25,9.25,9.15,9.2,5080.0
2018-08-15,9.15,9.15,8.95,8.95,3969.0
2018-08-16,9.0,9.0,8.8,8.95,8283.0
2018-08-17,8.9,8.9,8.85,8.85,31055.0
2018-08-20,8.9,9.0,8.75,9.0,12216.0
2018-08-21,9.0,9.1,8.95,8.95,2777.0
2018-08-22,8.8,9.0,8.8,8.95,12531.0
2018-08-23,8.95,9.05,8.95,9.0,8146.0
2018-08-24,8.95,9.15,8.95,9.1,10672.0
2018-08-27,9.05,9.1,8.95,8.95,8101.0
2018-08-28,8.95,9.0,8.95,8.95,5525.0
2018-08-29,9.0,9.1,8.9,8.95,3226.0
2018-08-30,8.95,9.0,8.875,8.9,7846.0
2018-08-31,8.85,9.05,8.85,9.05,7896.0
2018-09-04,9.0,9.1,8.95,8.95,3109.0
2018-09-05,9.0,9.0,8.9,8.9,4770.0
2018-09-06,8.95,8.95,8.9,8.9,2691.0
2018-09-07,8.95,8.95,8.9,8.9,2988.0
2018-09-10,9.05,9.05,8.95,9.0,2913.0
2018-09-11,8.95,9.225,8.95,9.15,10754.0
2018-09-12,9.1,9.1,8.95,9.0,9791.0
2018-09-13,9.0,9.0,8.95,8.95,3522.0
2018-09-14,8.95,9.0,8.95,8.95,4945.0
2018-09-17,9.0,9.0,8.95,8.95,3791.0
2018-09-18,8.95,8.95,8.95,8.95,3243.0
2018-09-19,8.95,9.05,8.95,8.95,3918.0
2018-09-20,8.95,9.0,8.95,9.0,7228.0
2018-09-21,8.95,9.05,8.95,9.05,65270.0
2018-09-24,8.95,9.0,8.85,8.85,8345.0
2018-09-25,8.85,8.9,8.8,8.85,10380.0
2018-09-26,8.8,8.9,8.8,8.85,8686.0
2018-09-27,8.85,8.85,8.8,8.8,2053.0
2018-09-28,8.8,8.9,8.7,8.8,22775.0
2018-10-01,8.77,8.85,8.66,8.69,19826.0
2018-10-02,8.67,8.96,8.67,8.87,12794.0
2018-10-03,8.88,9.31,8.87,9.21,10838.0
2018-10-04,9.2,9.26,8.95,9.14,13340.0
2018-10-05,9.2,9.2,9.08,9.08,7752.0
2018-10-08,9.13,9.26,9.07,9.25,12527.0
2018-10-09,9.27,9.3,9.16,9.16,11553.0
2018-10-10,9.22,9.24,9.01,9.01,12431.0
2018-10-11,9.01,9.03,8.86,8.86,12832.0
2018-10-12,8.94,8.94,8.34,8.4,26003.0
2018-10-15,8.38,8.43,8.28,8.31,14169.0
2018-10-16,8.3,8.475,8.3,8.37,11541.0
2018-10-17,8.34,8.5,8.34,8.41,8264.0
2018-10-18,8.4,8.43,8.32,8.36,6730.0
2018-10-19,8.31,8.36,8.31,8.33,11433.0
2018-10-22,8.35,8.35,8.32,8.32,3518.0
2018-10-23,8.29,8.37,8.29,8.32,10910.0
2018-10-24,8.31,8.54,8.25,8.29,5949.0
2018-10-25,8.28,8.6,8.28,8.35,13989.0
2018-10-26,8.71,8.71,8.09,8.26,6982.0
2018-10-29,8.41,8.41,8.22,8.39,7348.0
2018-10-30,8.35,8.77,8.31,8.54,6134.0
2018-10-31,8.59,8.59,8.4,8.52,22342.0
2018-11-01,8.6,8.62,8.39,8.49,16969.0
2018-11-02,8.54,8.75,8.4,8.7,10265.0
2018-11-05,8.75,8.75,8.7,8.7,12134.0
2018-11-06,8.71,8.72,8.65,8.66,1847.0
2018-11-07,8.63,8.63,8.55,8.57,9022.0
2018-11-08,7.81,8.58,7.81,8.56,15312.0
2018-11-09,8.55,8.79,8.5,8.62,8973.0
2018-11-12,8.6,8.69,8.59,8.59,4813.0
2018-11-13,8.65,8.65,8.38,8.54,4394.0
2018-11-14,8.6,8.6,8.41,8.44,3637.0
2018-11-15,8.39,8.6,8.32,8.6,4807.0
2018-11-16,8.56,8.57,8.29,8.51,14362.0
2018-11-19,8.54,8.54,8.43,8.53,5092.0
2018-11-20,8.53,8.59,8.35,8.35,3275.0
2018-11-21,8.4,8.63,8.33,8.63,2781.0
2018-11-23,8.57,8.69,8.57,8.69,4406.0
2018-11-26,8.71,8.71,8.46,8.5,3551.0
2018-11-27,8.47,8.47,8.31,8.42,6438.0
2018-11-28,8.43,8.72,8.42,8.5,5787.0
2018-11-29,8.51,8.545,8.31,8.31,8358.0
2018-11-30,8.3,8.38,8.22,8.27,19570.0
2018-12-03,8.34,8.62,8.34,8.5,8876.0
2018-12-04,8.5,8.5,8.27,8.28,7807.0
2018-12-06,8.27,8.43,8.25,8.28,4582.0
2018-12-07,8.34,8.34,8.17,8.27,10524.0
2018-12-10,8.28,8.28,8.01,8.05,6834.0
2018-12-11,8.06,8.06,8.01,8.01,1960.0
2018-12-12,8.09,8.14,8.0,8.04,5749.0
2018-12-13,7.92,7.97,7.87,7.91,7721.0
2018-12-14,7.91,8.09,7.86,7.98,12250.0
2018-12-17,7.95,7.95,7.66,7.81,10522.0
2018-12-18,7.87,7.87,7.6,7.6,24940.0
2018-12-19,7.64,7.69,7.45,7.58,12329.0
2018-12-20,7.59,7.69,7.28,7.37,14342.0
2018-12-21,7.35,7.45,7.26,7.3,50471.0
2018-12-24,7.14,7.24,6.62,7.09,9298.0
2018-12-26,7.15,7.35,7.15,7.29,16933.0
2018-12-27,7.21,7.38,7.1,7.2,15522.0
2018-12-28,7.23,7.35,7.13,7.3,14277.0
2018-12-31,7.27,7.31,7.22,7.22,36311.0
2019-01-02,7.19,7.69,7.19,7.69,10033.0
2019-01-03,7.68,7.77,7.54,7.54,5811.0
2019-01-04,7.62,7.7,7.6,7.65,15577.0
2019-01-07,7.6,7.76,7.59,7.68,6389.0
2019-01-08,7.73,7.73,7.64,7.68,3008.0
2019-01-09,7.68,7.68,7.14,7.68,129245.0
2019-01-10,7.61,7.67,7.5,7.56,5454.0
2019-01-11,7.48,7.71,7.47,7.68,14881.0
2019-01-14,7.62,7.69,7.52,7.54,9827.0
2019-01-15,7.53,7.53,7.43,7.44,4484.0
2019-01-16,7.45,7.45,7.32,7.37,12110.0
2019-01-17,7.31,7.44,7.31,7.39,11792.0
2019-01-18,7.38,7.74,7.38,7.7,20844.0
2019-01-22,7.64,7.96,7.49,7.57,14226.0
2019-01-23,7.56,7.725,7.56,7.56,3431.0
2019-01-24,7.57,7.57,7.37,7.43,7300.0
2019-01-25,7.32,7.45,7.32,7.39,13996.0
2019-01-28,7.51,7.57,7.485,7.57,10247.0
2019-01-29,7.62,7.62,7.42,7.42,13645.0
2019-01-30,7.47,7.5,7.37,7.5,9795.0
2019-01-31,7.48,7.53,7.4,7.46,9135.0
2019-02-01,7.51,7.55,7.47,7.53,9230.0
2019-02-04,7.57,7.64,7.54,7.58,3837.0
2019-02-05,7.67,7.73,7.58,7.59,5242.0
2019-02-06,7.52,7.73,7.52,7.66,3631.0
2019-02-07,7.6,7.6,7.52,7.54,11282.0
2019-02-08,7.54,7.75,7.54,7.67,6092.0
2019-02-11,7.7,7.75,7.61,7.69,4914.0
2019-02-12,7.73,7.95,7.73,7.92,5797.0
2019-02-13,7.92,8.04,7.915,7.99,7776.0
2019-02-14,7.94,8.285,7.93,7.93,10800.0
2019-02-15,7.96,8.07,7.95,7.99,13369.0
2019-02-19,8.0,8.05,7.92,7.95,8695.0
2019-02-20,7.93,8.09,7.93,8.02,8960.0
2019-02-21,8.04,8.04,7.79,7.8,10862.0
2019-02-22,7.81,7.81,7.4,7.57,28225.0
2019-02-25,7.59,7.85,7.59,7.69,9498.0
2019-02-26,7.7,7.84,7.7,7.76,5892.0
2019-02-27,7.8,8.05,7.7,8.01,3705.0
2019-02-28,8.06,8.06,7.98,7.98,15433.0
2019-03-01,8.02,8.1,8.0,8.08,8696.0
2019-03-04,8.12,8.13,8.07,8.08,7930.0
2019-03-05,8.05,8.12,8.0,8.0,2706.0
2019-03-06,7.95,7.99,7.7,7.7,4836.0
2019-03-07,7.71,7.71,7.59,7.63,6930.0
2019-03-08,7.57,7.9,7.57,7.85,8538.0
2019-03-11,7.81,8.01,7.81,8.01,4040.0
2019-03-12,8.0,8.15,8.0,8.02,1879.0
2019-03-13,8.07,8.07,8.0,8.03,7679.0
2019-03-14,7.93,8.1,7.93,8.03,1382.0
2019-03-15,8.1,8.18,8.03,8.09,76105.0
2019-03-18,8.04,8.11,7.99,7.99,3725.0
2019-03-19,7.98,7.98,7.66,7.66,2889.0
2019-03-20,7.74,7.74,7.7,7.7,975.0
2019-03-21,7.66,7.69,7.46,7.46,6394.0
2019-03-22,7.4,7.49,7.15,7.26,13855.0
2019-03-25,7.27,7.27,7.24,7.24,1502.0
2019-03-26,7.23,7.46,7.23,7.46,2307.0
2019-03-27,7.31,7.31,7.13,7.29,10415.0
2019-03-28,7.28,7.3,7.23,7.28,3249.0
2019-03-29,7.3,7.45,7.23,7.32,12278.0
2019-04-01,7.4,7.4,7.24,7.24,7328.0
2019-04-02,7.23,7.24,7.15,7.24,8194.0
2019-04-03,7.3,7.3,7.16,7.19,4640.0
2019-04-04,7.2,7.54,7.2,7.36,6725.0
2019-04-05,7.37,7.73,7.37,7.56,9149.0
2019-04-08,7.55,7.64,7.49,7.57,4320.0
2019-04-09,7.55,7.55,7.25,7.26,8305.0
2019-04-10,7.25,7.29,7.16,7.25,7702.0
2019-04-11,7.31,7.45,7.31,7.4,4885.0
2019-04-12,7.45,7.45,7.28,7.28,2122.0
2019-04-15,7.32,7.32,7.25,7.25,2684.0
2019-04-16,7.31,7.32,7.22,7.29,5163.0
2019-04-17,7.31,7.34,7.31,7.31,4343.0
2019-04-18,7.27,7.37,7.27,7.3,6427.0
2019-04-22,7.26,7.38,7.23,7.23,3191.0
2019-04-23,7.28,7.32,7.17,7.3,4320.0
2019-04-24,7.32,7.32,7.27,7.27,2881.0
2019-04-25,7.24,7.35,7.2,7.34,5304.0
2019-04-26,7.35,7.66,7.34,7.66,7413.0
2019-04-29,7.65,7.84,7.58,7.76,4110.0
2019-04-30,7.8,8.03,7.8,7.88,20206.0
2019-05-01,7.86,7.86,7.8,7.8,2821.0
2019-05-02,7.89,7.98,7.89,7.98,1738.0
2019-05-03,8.05,8.05,8.0,8.0,7831.0
2019-05-06,7.92,8.05,7.92,7.98,5581.0
2019-05-07,7.9,7.95,7.9,7.92,3680.0
2019-05-08,7.96,8.05,7.95,7.95,4391.0
2019-05-09,7.95,7.99,7.82,7.94,2297.0
2019-05-10,7.97,7.97,7.74,7.82,4674.0
2019-05-13,7.73,7.73,7.5,7.52,7491.0
2019-05-14,7.5,7.76,7.5,7.76,3031.0
2019-05-15,7.66,7.8,7.65,7.78,2692.0
2019-05-16,7.72,7.72,7.7,7.71,2733.0
2019-05-17,7.64,7.65,7.56,7.56,4754.0
2019-05-20,7.54,7.54,7.54,7.54,1483.0
2019-05-21,7.58,7.6,7.57,7.6,2826.0
2019-05-22,7.59,7.59,7.485,7.57,2725.0
2019-05-23,7.47,7.56,7.28,7.28,6047.0
2019-05-24,7.35,7.6,7.35,7.6,7775.0
2019-05-28,7.53,7.56,7.36,7.36,2986.0
2019-05-29,7.31,7.4,7.31,7.38,6891.0
2019-05-30,7.43,7.43,7.25,7.28,4523.0
2019-05-31,7.22,7.35,7.19,7.28,6174.0
2019-06-03,7.32,7.47,7.29,7.33,4350.0
2019-06-04,7.43,7.55,7.43,7.53,4422.0
2019-06-05,7.48,7.48,7.15,7.16,5254.0
2019-06-06,7.12,7.25,7.11,7.11,7772.0
2019-06-07,7.13,7.39,7.13,7.38,8818.0
2019-06-10,7.4,7.57,7.4,7.57,4244.0
2019-06-11,7.58,7.58,7.46,7.55,8982.0
2019-06-12,7.46,7.6,7.46,7.6,4418.0
2019-06-13,7.6,7.89,7.6,7.89,3781.0
2019-06-14,7.86,7.86,7.63,7.73,4880.0
2019-06-17,7.72,7.85,7.72,7.78,4598.0
2019-06-18,7.79,7.89,7.59,7.89,4993.0
2019-06-19,7.87,7.93,7.87,7.93,1391.0
2019-06-20,7.94,7.98,7.89,7.89,2943.0
2019-06-21,7.75,7.75,7.61,7.75,23028.0
2019-06-24,7.7,7.72,7.61,7.61,3152.0
2019-06-25,7.68,7.69,7.63,7.67,5235.0
2019-06-26,7.71,7.79,7.71,7.75,4484.0
2019-06-27,7.8,7.83,7.78,7.83,16023.0
2019-06-28,7.85,9.19,7.83,8.47,128616.0
2019-07-01,8.25,8.27,8.0,8.04,18572.0
2019-07-02,8.09,8.09,7.83,8.05,4666.0
2019-07-03,8.0,8.32,7.91,8.04,8868.0
2019-07-05,8.1,8.22,7.8,8.13,4053.0
2019-07-08,8.04,8.05,7.96,8.01,7987.0
2019-07-09,8.0,8.03,7.96,7.96,2793.0
2019-07-10,8.03,8.03,7.84,7.92,2397.0
2019-07-11,7.99,7.99,7.86,7.95,5170.0
2019-07-12,7.97,8.01,7.97,7.97,14393.0
2019-07-15,8.04,8.04,7.9,7.92,3191.0
2019-07-16,7.88,8.01,7.88,8.0,2595.0
2019-07-17,7.92,7.99,7.92,7.95,4808.0
2019-07-18,7.89,7.9,7.85,7.9,5045.0
2019-07-19,7.85,7.85,7.67,7.83,11071.0
2019-07-22,7.79,7.98,7.79,7.98,4521.0
2019-07-23,7.93,7.94,7.85,7.91,2715.0
2019-07-24,7.9,8.0,7.87,7.96,13897.0
2019-07-25,7.95,7.95,7.84,7.84,3196.0
2019-07-26,7.72,8.17,7.72,7.86,14075.0
2019-07-29,7.9,8.07,7.84,7.9,6851.0
2019-07-30,7.77,7.99,7.77,7.93,16547.0
2019-07-31,7.94,8.44,7.94,7.96,21380.0
2019-08-01,7.98,7.98,7.8,7.8,11771.0
2019-08-02,7.72,7.8,7.72,7.8,5556.0
2019-08-05,7.7,7.71,7.53,7.55,22355.0
2019-08-06,7.56,7.68,7.56,7.68,16036.0
2019-08-07,7.57,7.71,7.5,7.65,20461.0
2019-08-08,7.74,7.98,7.74,7.79,11868.0
2019-08-09,7.82,7.82,7.71,7.71,7575.0
2019-08-12,7.7,7.72,7.62,7.62,7885.0
2019-08-13,7.6,8.27,7.6,7.99,4503.0
2019-08-14,7.81,7.81,7.51,7.51,6756.0
2019-08-15,7.52,7.62,7.52,7.62,4836.0
2019-08-16,7.67,8.08,7.67,7.85,6546.0
2019-08-19,7.92,7.92,7.67,7.72,3189.0
2019-08-20,7.63,7.67,7.62,7.65,2035.0
2019-08-21,7.74,7.74,7.62,7.68,5100.0
2019-08-22,7.74,7.88,7.62,7.62,7553.0
2019-08-23,7.57,7.6,7.51,7.51,21504.0
2019-08-26,7.6,7.86,7.6,7.85,8654.0
2019-08-27,7.92,7.92,7.61,7.68,4556.0
2019-08-28,7.65,7.8,7.65,7.8,4129.0
2019-08-29,7.9,7.9,7.85,7.85,2949.0
2019-08-30,7.95,7.95,7.65,7.76,5927.0
2019-09-03,7.67,8.435,7.67,7.99,11042.0
2019-09-04,8.12,8.22,7.55,7.82,11461.0
2019-09-05,7.81,7.97,7.8,7.95,8359.0
2019-09-06,7.99,7.99,7.63,7.69,9471.0
2019-09-09,7.74,8.06,7.74,8.06,4727.0
2019-09-10,8.0,8.15,7.96,8.12,12739.0
2019-09-11,8.2,8.4,8.09,8.39,6526.0
2019-09-12,8.35,8.54,8.35,8.54,7600.0
2019-09-13,8.52,8.79,8.44,8.7,5978.0
2019-09-16,8.75,8.96,8.75,8.79,14494.0
2019-09-17,8.73,8.8,8.6,8.66,5950.0
2019-09-18,8.72,8.72,8.42,8.52,14984.0
2019-09-19,8.56,8.64,8.56,8.57,2934.0
2019-09-20,8.55,8.71,8.52,8.71,71654.0
2019-09-23,8.62,8.75,8.62,8.72,2408.0
2019-09-24,8.74,8.74,8.56,8.57,6418.0
2019-09-25,8.61,8.65,8.59,8.59,18839.0
2019-09-26,8.55,8.7,8.55,8.62,7056.0
2019-09-27,8.7,8.7,8.62,8.62,7189.0
2019-09-30,8.47,8.66,8.47,8.6,9672.0
2019-10-01,8.74,8.74,8.55,8.55,4764.0
2019-10-02,8.52,8.64,8.49,8.55,16596.0
2019-10-03,8.5,8.57,8.46,8.46,1412.0
2019-10-04,8.49,8.49,8.27,8.33,4584.0
2019-10-07,8.29,8.44,8.29,8.35,2426.0
2019-10-08,8.3,8.3,7.67,8.11,13338.0
2019-10-09,8.19,8.23,8.17,8.2,3480.0
2019-10-10,8.25,8.27,8.1,8.1,4551.0
2019-10-11,8.2,8.43,8.2,8.32,6799.0
2019-10-14,8.26,8.37,8.22,8.25,2662.0
2019-10-15,8.22,8.33,8.16,8.31,4722.0
2019-10-16,8.26,8.26,8.16,8.19,1754.0
2019-10-17,8.17,8.2,8.08,8.2,7192.0
2019-10-18,8.12,8.33,8.05,8.29,8724.0
2019-10-21,8.41,8.6,8.41,8.59,10863.0
2019-10-22,8.54,8.55,8.49,8.53,1407.0
2019-10-23,8.55,8.6,8.5,8.5,8371.0
2019-10-24,8.51,8.6,8.5,8.58,3804.0
2019-10-25,8.6,8.6,8.5,8.5,2862.0
2019-10-28,8.59,8.88,8.59,8.86,4736.0
2019-10-29,8.79,8.92,8.79,8.85,8087.0
2019-10-30,8.81,8.84,8.75,8.78,11492.0
2019-10-31,8.75,8.76,8.65,8.66,30708.0
2019-11-01,8.72,8.95,8.685,8.95,15127.0
2019-11-04,9.04,9.04,8.87,8.88,9268.0
2019-11-05,8.92,8.92,8.8,8.82,4553.0
2019-11-06,8.78,8.8,8.77,8.77,2548.0
2019-11-07,8.89,8.89,8.64,8.74,5078.0
2019-11-08,8.77,8.77,8.6,8.62,11669.0
2019-11-11,8.69,8.69,8.52,8.58,3840.0
2019-11-12,8.63,8.63,8.5,8.58,4989.0
2019-11-13,8.6,8.68,8.59,8.68,2860.0
2019-11-14,8.69,8.69,8.5,8.54,11329.0
2019-11-15,8.61,8.8,8.61,8.79,17759.0
2019-11-18,8.81,8.94,8.75,8.94,4728.0
2019-11-19,9.01,9.03,8.97,8.99,11000.0
2019-11-20,8.92,9.06,8.88,8.88,25335.0
2019-11-21,8.93,8.93,8.66,8.71,4544.0
2019-11-22,8.78,8.78,8.49,8.55,9731.0
2019-11-25,8.52,8.96,8.52,8.93,13697.0
2019-11-26,8.88,8.92,8.85,8.88,3651.0
2019-11-27,8.95,8.95,8.85,8.85,6975.0
2019-11-29,8.77,8.77,8.61,8.69,4350.0
2019-12-02,8.69,8.69,8.5,8.6,9033.0
2019-12-03,8.55,8.66,8.45,8.655,8498.0
2019-12-04,8.75,8.75,8.61,8.61,5677.0
2019-12-05,8.67,8.71,8.54,8.57,4417.0
2019-12-06,8.56,8.98,8.56,8.96,30283.0
2019-12-09,8.73,8.82,8.535,8.58,13060.0
2019-12-10,8.6,8.99,8.6,8.99,9735.0
2019-12-11,8.94,8.99,8.93,8.96,8840.0
2019-12-12,8.99,9.06,8.92,8.94,8878.0
2019-12-13,8.96,9.05,8.7,8.83,10017.0
2019-12-16,8.96,9.05,8.93,8.95,19900.0
2019-12-17,9.0,9.01,8.97,8.97,9627.0
2019-12-18,9.05,9.05,8.96,8.97,8958.0
2019-12-19,8.96,8.96,8.88,8.88,8582.0
2019-12-20,8.9,8.91,8.56,8.85,55289.0
2019-12-23,8.79,8.93,8.79,8.79,6103.0
2019-12-24,8.85,8.85,8.8,8.8,585.0
2019-12-26,8.88,8.89,8.83,8.83,1164.0
2019-12-27,8.9,8.97,8.8,8.88,10639.0
2019-12-30,8.82,8.9,8.82,8.86,5813.0
2019-12-31,8.89,8.9,8.8,8.88,7032.0
